0.433333 -0.026908 2.079895 0.687175 0.996321 0.055488 0.051170 0.040578
0.466667 -0.022782 2.286737 0.712229 0.995950 0.055898 0.055608 0.043194
0.500000 0.018679 2.492440 0.739305 0.994350 0.063993 0.072448 0.043877
0.533333 0.010656 2.698366 0.738671 0.994247 0.059804 0.075770 0.046424
0.566667 0.005354 2.903228 0.735038 0.993351 0.057999 0.082419 0.055645
0.600000 -0.006186 3.108205 0.713829 0.993054 0.056795 0.084053 0.059609
0.633333 -0.026658 3.313224 0.687322 0.992387 0.055243 0.087573 0.066690
0.666667 -0.043344 3.517305 0.646674 0.992123 0.053278 0.088901 0.070355
0.700000 -0.059917 3.720877 0.596238 0.991903 0.052323 0.089695 0.073120
0.733334 -0.047799 3.924569 0.539328 0.991474 0.053405 0.093790 0.073014
0.766667 0.054155 4.129912 0.547803 0.986170 0.066437 0.132936 0.073365
0.800000 0.099325 4.336112 0.511010 0.982756 0.073791 0.151897 0.075320
0.833334 0.090100 4.535879 0.438495 0.982127 0.072335 0.154338 0.079838
0.866667 0.055173 4.744388 0.389636 0.982458 0.071261 0.150395 0.084137
0.900000 0.042064 4.963268 0.338285 0.982285 0.071713 0.149534 0.087253
0.933334 0.029160 5.160103 0.255771 0.981628 0.069823 0.151106 0.093264
0.966667 0.013915 5.355500 0.171002 0.981463 0.066996 0.152204 0.095271
1.000000 0.000712 5.549290 0.085079 0.980877 0.066125 0.153752 0.099340
1.033330 -0.215379 5.861045 -0.062199 0.985932 0.046492 0.113690 0.113363
1.066670 -0.344004 6.181811 -0.187422 0.987490 0.035958 0.092478 0.122546
1.100000 -0.378171 6.383166 -0.271061 0.986642 0.031914 0.094820 0.128559
1.133330 -0.413367 6.582911 -0.351054 0.986279 0.029146 0.093407 0.132965
1.166670 -0.449938 6.781051 -0.426203 0.985476 0.029686 0.094857 0.137685
1.200000 -0.585041 7.026406 -0.558803 0.986230 0.021178 0.080639 0.142825
1.233330 -0.633010 7.294651 -0.702341 0.985697 0.011712 0.078658 0.148582
1.266670 -0.675238 7.521157 -0.789466 0.985001 0.006347 0.080371 0.152558
1.300000 -0.728084 7.733227 -0.849687 0.984512 0.002746 0.079622 0.156172
1.333330 -0.780486 7.935494 -0.890020 0.983795 0.000860 0.080505 0.160202
1.366670 -0.836166 8.136415 -0.920295 0.982832 -0.001807 0.081172 0.165675
1.400000 -0.905049 8.357363 -1.076092 0.981139 -0.011055 0.086092 0.172722
1.433330 -0.947482 8.606541 -1.236105 0.980119 -0.019244 0.088295 0.176636
1.466670 -1.005085 8.814946 -1.242425 0.979027 -0.020834 0.087527 0.182788
1.500000 -1.064549 9.022886 -1.237207 0.978102 -0.022714 0.089048 0.186738
1.533330 -1.098414 9.300639 -1.305221 0.977525 -0.026971 0.089589 0.188919
1.566670 -1.150527 9.552340 -1.315250 0.976658 -0.028642 0.087524 0.194059
1.600000 -1.208527 9.766966 -1.284588 0.975963 -0.029638 0.087511 0.197382
1.633330 -1.278964 9.981468 -1.251483 0.974449 -0.030919 0.087315 0.204620
1.666670 -1.337411 10.199807 -1.209172 0.973822 -0.032351 0.085298 0.208203
1.700000 -1.405643 10.446246 -1.183095 0.972710 -0.035565 0.082950 0.213749
1.733330 -1.486224 10.651570 -1.134417 0.972157 -0.037843 0.078411 0.217558
1.766670 -1.571712 10.857059 -1.056747 0.970730 -0.041404 0.075527 0.224196
1.800000 -1.669144 11.033321 -0.986158 0.969396 -0.045372 0.071106 0.230557
1.833330 -1.747041 11.240276 -0.892493 0.968483 -0.044802 0.067804 0.235449
1.866670 -1.826576 11.446326 -0.793059 0.966887 -0.046789 0.065308 0.242231
1.900000 -1.907760 11.651431 -0.688886 0.965506 -0.047651 0.066490 0.247198
1.933330 -1.990647 11.855528 -0.581156 0.964506 -0.049423 0.064628 0.251214
1.966670 -2.075281 12.058664 -0.470769 0.963253 -0.050028 0.063094 0.256242
2.000000 -2.218867 12.159220 -0.401580 0.959810 -0.051232 0.063002 0.268647
2.033330 -2.307081 12.358377 -0.288317 0.958209 -0.055475 0.062337 0.273627
2.066670 -2.365123 12.511152 -0.163891 0.956559 -0.056016 0.061359 0.279448
2.100000 -2.455322 12.707260 -0.052040 0.954914 -0.057102 0.060701 0.284946
2.133330 -2.546096 12.882332 0.058208 0.953548 -0.058190 0.056303 0.290154
2.166670 -2.627064 13.007014 0.146124 0.951014 -0.061155 0.055564 0.297902
2.200000 -2.723332 13.198208 0.246929 0.949502 -0.064511 0.054041 0.302263
2.233330 -2.817090 13.389325 0.341950 0.947378 -0.066217 0.052478 0.308766
2.266670 -2.912091 13.579350 0.430290 0.944889 -0.069100 0.048773 0.316277
2.300000 -3.008152 13.768222 0.511086 0.943498 -0.069520 0.046285 0.320681
2.333330 -3.105064 13.955700 0.583443 0.942341 -0.069332 0.044933 0.324295
2.366670 -3.202869 14.141989 0.646804 0.940450 -0.068737 0.041811 0.330275
2.400000 -3.291168 14.315978 0.681894 0.939947 -0.069979 0.039481 0.331729
2.433330 -3.390133 14.500251 0.725357 0.938670 -0.069929 0.035662 0.335763
2.466670 -3.490897 14.683157 0.758681 0.936701 -0.073368 0.033210 0.340743
2.500000 -3.590649 14.865565 0.781679 0.935987 -0.072124 0.032267 0.343052
2.533330 -3.648629 15.070708 0.776055 0.934441 -0.071942 0.029793 0.347500
2.566670 -3.726142 15.265335 0.756120 0.933768 -0.072404 0.024969 0.349587
2.600000 -3.829859 15.442927 0.745886 0.932829 -0.071298 0.022123 0.352502
2.633330 -3.956872 15.625450 0.627945 0.930812 -0.073298 0.021340 0.357436
2.666670 -4.107257 15.826017 0.514571 0.928804 -0.073743 0.016445 0.362787
2.700000 -4.216020 15.999380 0.469398 0.926771 -0.074769 0.012610 0.367895
2.733330 -4.385398 16.211785 0.362149 0.925282 -0.072765 0.009404 0.372117
2.766670 -4.494696 16.384140 0.299377 0.923150 -0.074138 0.006658 0.377166
2.800000 -4.606682 16.554383 0.229703 0.922016 -0.072425 0.003800 0.380298
2.833330 -4.720336 16.723163 0.154219 0.919400 -0.072215 0.002002 0.386632
2.866670 -4.834560 16.890881 0.073681 0.917511 -0.074687 -0.002663 0.390624
2.900000 -4.953803 17.049815 -0.016652 0.916510 -0.069810 -0.006650 0.393817
2.933330 -5.070278 17.214538 -0.104750 0.914837 -0.068477 -0.008469 0.397886
2.966670 -5.187690 17.341043 -0.236542 0.912510 -0.066645 -0.010502 0.403453
3.000000 -5.306595 17.501689 -0.329698 0.910874 -0.063732 -0.014563 0.407474
3.033330 -5.426253 17.661216 -0.422560 0.909067 -0.062217 -0.018939 0.411543
3.066670 -5.547507 17.818959 -0.513815 0.906789 -0.061424 -0.023126 0.416444
3.100000 -5.674486 17.969099 -0.605413 0.903509 -0.056772 -0.026304 0.423977
3.133330 -5.802494 18.106437 -0.703855 0.901610 -0.053344 -0.029138 0.428258
3.166670 -5.927618 18.258117 -0.784923 0.899233 -0.053798 -0.032161 0.432956
3.200000 -6.053866 18.408238 -0.860142 0.898181 -0.053680 -0.034928 0.434936
3.233330 -6.182052 18.556541 -0.928714 0.896472 -0.053128 -0.039395 0.438136
3.266660 -6.311042 18.703589 -0.989473 0.894260 -0.050915 -0.041103 0.442738
3.300000 -6.441428 18.849154 -1.041785 0.891647 -0.049524 -0.043585 0.447898
3.333330 -6.572929 18.993317 -1.084998 0.889600 -0.047117 -0.046365 0.451931
3.366660 -6.705864 19.135946 -1.118353 0.887549 -0.045669 -0.050608 0.455642
3.400000 -6.840172 19.277006 -1.141475 0.884773 -0.042591 -0.054520 0.460859
3.433330 -6.975644 19.416555 -1.153912 0.882072 -0.040393 -0.057375 0.465861
3.466660 -7.112468 19.554411 -1.155178 0.879682 -0.037994 -0.059456 0.470299
3.500000 -7.250461 19.690867 -1.145088 0.876727 -0.035070 -0.061594 0.475738
3.533330 -7.389718 19.825765 -1.123618 0.873984 -0.030058 -0.063206 0.480889
3.566660 -7.494653 19.980983 -1.100985 0.869777 -0.023991 -0.069258 0.487971
3.600000 -7.650877 20.080284 -1.076283 0.866122 -0.018437 -0.072163 0.494252
3.633330 -7.804097 20.161487 -1.057850 0.862848 -0.015377 -0.074270 0.499741
3.666660 -7.950168 20.247935 -1.027431 0.859603 -0.009019 -0.076421 0.505135
3.700000 -8.096137 20.366405 -0.958718 0.857322 -0.007211 -0.077425 0.508874
3.733330 -8.242342 20.483415 -0.881132 0.855000 -0.005008 -0.078990 0.512553
3.766660 -8.389148 20.598367 -0.795420 0.852470 -0.001274 -0.081803 0.516334
3.800000 -8.537279 20.711040 -0.702037 0.849200 0.002126 -0.082510 0.521582
3.833330 -8.687675 20.810360 -0.611302 0.846324 0.004225 -0.085660 0.525718
3.866660 -8.840363 20.896473 -0.522516 0.843375 0.008560 -0.089380 0.529771
3.900000 -8.990048 20.984360 -0.427511 0.840893 0.011883 -0.090425 0.533462
3.933330 -9.141866 21.086538 -0.315595 0.837862 0.015522 -0.089226 0.538317
3.966660 -9.292635 21.151702 -0.231293 0.834344 0.018834 -0.090687 0.543407
4.000000 -9.441569 21.219414 -0.142347 0.831192 0.023597 -0.090672 0.548034
4.033330 -9.593703 21.305800 -0.034743 0.827928 0.023769 -0.093202 0.552525
4.066660 -9.745495 21.388289 0.069753 0.825293 0.026650 -0.093408 0.556287
4.100000 -9.900139 21.476727 0.179253 0.822347 0.029868 -0.095906 0.560049
4.133330 -10.056431 21.561444 0.285217 0.819231 0.033503 -0.096042 0.564370
4.166660 -10.213619 21.643846 0.387017 0.815234 0.038149 -0.094077 0.570164
4.200000 -10.370471 21.725449 0.483514 0.811648 0.040995 -0.094983 0.574913
4.233330 -10.527494 21.805418 0.573651 0.808946 0.041363 -0.096642 0.578408
4.266660 -10.685015 21.883611 0.656610 0.806016 0.044355 -0.096713 0.582252
4.300000 -10.842941 21.959874 0.731658 0.803138 0.046040 -0.097096 0.586022
4.333330 -11.008860 21.978351 0.776791 0.800601 0.049305 -0.099316 0.588850
4.366660 -11.111467 21.969707 0.802105 0.796051 0.052757 -0.100429 0.594503
4.400000 -11.269820 22.036542 0.847795 0.792658 0.055872 -0.099864 0.598832
4.433330 -11.428609 22.101551 0.883232 0.789598 0.056707 -0.100498 0.602677
4.466660 -11.587964 22.164481 0.908076 0.784220 0.056846 -0.099786 0.609762
4.500000 -11.747982 22.225410 0.922220 0.781047 0.057162 -0.099061 0.613910
4.533330 -11.908371 22.284507 0.925534 0.778374 0.060264 -0.098844 0.617035
4.566660 -12.068991 22.341867 0.918030 0.773753 0.061932 -0.097988 0.622791
4.600000 -12.229929 22.397209 0.899810 0.769896 0.063325 -0.096983 0.627571
4.633330 -12.418536 22.378357 0.862959 0.768142 0.062990 -0.096699 0.629794
4.666660 -12.568388 22.355326 0.806608 0.763983 0.064640 -0.095253 0.634885
4.700000 -12.690917 22.388874 0.745834 0.760939 0.065913 -0.091048 0.639013
4.733330 -12.815865 22.425028 0.678476 0.756530 0.067656 -0.089717 0.644233
4.766660 -12.948956 22.451531 0.604381 0.752830 0.068960 -0.086189 0.648894
4.800000 -13.109520 22.491569 0.530489 0.749582 0.071185 -0.083821 0.652713
4.833330 -13.270794 22.529398 0.450190 0.745606 0.072119 -0.082815 0.657276
4.866660 -13.432671 22.564694 0.364407 0.743018 0.072822 -0.083324 0.660059
4.900000 -13.594839 22.598305 0.274197 0.738763 0.074239 -0.079924 0.665079
4.933330 -13.757351 22.629793 0.180728 0.735684 0.076873 -0.079051 0.668289
4.966660 -13.919556 22.660381 0.085106 0.730577 0.079320 -0.076252 0.673908
5.000000 -14.082558 22.687732 -0.011517 0.726211 0.081926 -0.074321 0.678515
5.033330 -14.245764 22.712790 -0.107900 0.722448 0.080118 -0.070760 0.683113
5.066660 -14.409299 22.735366 -0.203066 0.718567 0.081529 -0.067195 0.687386
5.100000 -14.573194 22.755601 -0.295977 0.714614 0.083957 -0.064487 0.691462
5.133330 -14.737042 22.773652 -0.385403 0.711728 0.084592 -0.059644 0.694788
5.166660 -14.901108 22.789528 -0.470251 0.709443 0.083458 -0.058555 0.697350
5.200000 -15.065506 22.803024 -0.549546 0.704468 0.083716 -0.059591 0.702257
5.233330 -15.230147 22.814187 -0.622327 0.700460 0.081145 -0.056789 0.706786
5.266660 -15.395199 22.823204 -0.687542 0.696016 0.079876 -0.054349 0.711497
5.300000 -15.560715 22.829984 -0.744530 0.691352 0.080504 -0.050065 0.716272
5.333330 -15.727360 22.794960 -0.808219 0.685787 0.083338 -0.048259 0.721403
5.366660 -15.900354 22.741321 -0.862511 0.681110 0.080879 -0.045764 0.726260
5.400000 -16.068386 22.671612 -0.920479 0.677421 0.080192 -0.044404 0.729862
5.433330 -16.213049 22.555601 -1.013493 0.672474 0.081028 -0.041637 0.734493
5.466660 -16.338871 22.477862 -1.078110 0.671883 0.083134 -0.035813 0.735105
5.500000 -16.370178 22.355555 -1.129135 0.668117 0.080626 -0.027721 0.739156
5.533330 -16.336912 22.158534 -1.151647 0.664486 0.083159 -0.021000 0.742362
5.566660 -16.492995 22.129909 -1.133935 0.661452 0.082854 -0.016852 0.745207
5.600000 -16.601057 22.081965 -1.104069 0.659214 0.082474 -0.012541 0.747313
5.633330 -16.715159 22.033860 -1.067223 0.655701 0.080931 -0.005706 0.750649
5.666660 -16.867119 21.998472 -1.018811 0.652208 0.079957 -0.003369 0.753804
5.700000 -17.018735 21.960493 -0.960872 0.647760 0.079732 0.000756 0.757660
5.733330 -17.169769 21.920442 -0.894038 0.641716 0.080846 0.003182 0.762663
5.766660 -17.320047 21.880404 -0.818898 0.638483 0.077843 0.004407 0.765677
5.800000 -17.469958 21.835199 -0.736634 0.634281 0.076504 0.006098 0.769284
5.833330 -17.619400 21.787484 -0.647832 0.630182 0.074698 0.009496 0.772788
5.866660 -17.768008 21.735790 -0.553433 0.626689 0.074511 0.010020 0.775634
5.900000 -17.904428 21.710187 -0.446714 0.623113 0.070795 0.013373 0.778806
5.933330 -17.997287 21.660398 -0.335809 0.618670 0.068334 0.015921 0.782512
5.966660 -18.121948 21.608424 -0.231455 0.615179 0.066343 0.020531 0.785323
6.000000 -18.250365 21.567405 -0.123528 0.610411 0.062514 0.021712 0.789315
6.033330 -18.380705 21.509982 -0.019570 0.605998 0.060085 0.024459 0.792817
6.066660 -18.523216 21.448131 0.084770 0.600951 0.055768 0.028092 0.796843
6.100000 -18.665316 21.384944 0.186630 0.595318 0.052707 0.029438 0.801219
6.133330 -18.806397 21.318185 0.284913 0.590047 0.049234 0.030717 0.805281
6.166660 -18.947108 21.250493 0.378664 0.586260 0.046427 0.032383 0.808143
6.200000 -19.087254 21.180968 0.466810 0.583289 0.042652 0.033182 0.810465
6.233330 -19.227127 21.110311 0.548478 0.579585 0.042056 0.035808 0.813038
6.266660 -19.366151 21.036432 0.622772 0.577333 0.041357 0.039249 0.814516
6.300000 -19.504690 20.960586 0.688901 0.572376 0.036199 0.040345 0.818198
6.333330 -19.642868 20.883358 0.746044 0.567913 0.035211 0.043336 0.821193
6.366660 -19.780050 20.803240 0.793603 0.563974 0.032345 0.045813 0.823886
6.400000 -19.917033 20.722040 0.831082 0.558382 0.030306 0.046115 0.827746
6.433330 -20.075833 20.673229 0.847714 0.552905 0.025293 0.049951 0.831361
6.466660 -20.226181 20.594792 0.855817 0.547917 0.024554 0.049367 0.834714
6.500000 -20.415584 20.520918 0.848655 0.542414 0.018144 0.049372 0.838463
6.533330 -20.561390 20.440899 0.835759 0.537996 0.014563 0.052743 0.841170
6.566660 -20.700030 20.352880 0.816849 0.536863 0.012255 0.055073 0.841781
6.600000 -20.837968 20.262784 0.787346 0.531967 0.009953 0.055574 0.844881
6.633330 -20.975105 20.170880 0.747447 0.527807 0.006343 0.058121 0.847350
6.666660 -21.111474 20.077252 0.697527 0.522801 0.000959 0.059455 0.850379
6.700000 -21.247038 19.981647 0.638076 0.519045 -0.003376 0.062845 0.852427
6.733330 -21.381678 19.884220 0.569889 0.514946 -0.006356 0.064333 0.854782
6.766660 -21.515459 19.784970 0.493690 0.509711 -0.011014 0.064845 0.857828
6.799990 -21.648384 19.683823 0.409975 0.503110 -0.014424 0.066650 0.861528
6.833330 -21.780459 19.580858 0.319772 0.497795 -0.018502 0.067513 0.864465
6.866660 -21.911544 19.476129 0.224102 0.492942 -0.022844 0.067885 0.867109
6.899990 -22.041675 19.369780 0.123931 0.487543 -0.024421 0.067684 0.870129
6.933330 -22.170663 19.261686 0.020060 0.481199 -0.028055 0.068394 0.873489
6.966660 -22.298626 19.151988 -0.086134 0.476192 -0.029138 0.067793 0.876240
6.999990 -22.425580 19.040609 -0.193547 0.472152 -0.032944 0.068053 0.878269
7.033330 -22.551533 18.927457 -0.301004 0.469313 -0.037420 0.067574 0.879647
7.066660 -22.676301 18.812514 -0.407199 0.463036 -0.041337 0.067919 0.882766
7.099990 -22.800073 18.695988 -0.511072 0.458692 -0.044935 0.065068 0.885070
7.133330 -22.922779 18.577880 -0.611509 0.454436 -0.047130 0.062197 0.887354
7.166660 -23.044428 18.458281 -0.707544 0.451889 -0.049526 0.062917 0.888474
7.199990 -23.189942 18.357731 -0.796993 0.448674 -0.051814 0.058927 0.890244
7.233330 -23.385178 18.193733 -0.871621 0.445095 -0.053915 0.057552 0.892004
7.266660 -23.518715 18.068141 -0.946112 0.440404 -0.055322 0.057501 0.894247
7.299990 -23.640295 17.940402 -1.014380 0.435878 -0.060280 0.055996 0.896237
7.333330 -23.760662 17.810747 -1.073944 0.432501 -0.059094 0.054608 0.898036
7.366660 -23.885371 17.672654 -1.119288 0.428047 -0.062648 0.052322 0.900063
7.399990 -24.006999 17.545430 -1.160567 0.421157 -0.068660 0.052057 0.902886
7.433330 -24.130580 17.428777 -1.199178 0.416195 -0.072980 0.051164 0.904896
7.466660 -24.247443 17.292652 -1.218321 0.410652 -0.074780 0.048979 0.907399
7.499990 -24.360390 17.155670 -1.224028 0.406328 -0.076020 0.046475 0.909373
7.533330 -24.475716 17.016036 -1.221148 0.400888 -0.078476 0.045905 0.911605
7.566660 -24.592908 16.885169 -1.210324 0.396853 -0.081683 0.044108 0.913176
7.599990 -24.706893 16.744699 -1.187962 0.391816 -0.083823 0.042685 0.915222
7.633330 -24.807063 16.605645 -1.163401 0.386568 -0.085728 0.041872 0.917313
7.666660 -24.904389 16.513213 -1.123852 0.380683 -0.088167 0.041635 0.919551
7.699990 -24.996263 16.375741 -1.073181 0.378031 -0.090417 0.040591 0.920473
7.733330 -25.085011 16.245205 -1.008606 0.373132 -0.090784 0.037286 0.922573
7.766660 -25.200102 16.105241 -0.936924 0.368491 -0.093240 0.033780 0.924326
7.799990 -25.306375 15.957322 -0.858830 0.361948 -0.094642 0.032660 0.926806
7.833330 -25.410950 15.807307 -0.774312 0.356861 -0.095016 0.032960 0.928728
7.866660 -25.514085 15.655504 -0.684370 0.350639 -0.094063 0.029794 0.931298
7.899990 -25.616037 15.502272 -0.590021 0.345656 -0.093813 0.029340 0.933199
7.933330 -25.715399 15.345649 -0.492219 0.340591 -0.094139 0.025773 0.935132
7.966660 -25.814123 15.188715 -0.392409 0.335395 -0.097149 0.022641 0.936782
7.999990 -25.971120 14.970727 -0.287957 0.333093 -0.096327 0.020251 0.937742
8.033330 -26.084442 14.773977 -0.184029 0.328265 -0.096700 0.020444 0.939400
8.066660 -26.180706 14.609475 -0.084423 0.322521 -0.096415 0.018697 0.941453
8.099990 -26.276457 14.444263 0.012933 0.316978 -0.094487 0.018134 0.943540
8.133330 -26.376000 14.281620 0.107072 0.312723 -0.091714 0.018178 0.945231
8.166660 -26.492456 14.086905 0.197872 0.307058 -0.087379 0.014990 0.947552
8.200000 -26.580454 13.922227 0.285977 0.302662 -0.087029 0.014490 0.949006
8.233330 -26.671566 13.751657 0.363430 0.299849 -0.085603 0.012877 0.950051
8.266660 -26.759238 13.583124 0.438900 0.297082 -0.082355 0.010474 0.951236
8.300000 -26.847131 13.410286 0.500788 0.290818 -0.078075 0.009668 0.953539
8.333330 -26.933494 13.236445 0.553699 0.282870 -0.076626 0.005398 0.956077
8.366660 -27.018550 13.061630 0.597012 0.278028 -0.074352 0.003972 0.957683
8.400000 -27.102359 12.885805 0.630231 0.269725 -0.072547 0.002133 0.960198
8.433330 -27.181020 12.706350 0.652990 0.263168 -0.071953 0.001813 0.962061
8.466670 -27.242598 12.539023 0.676626 0.259419 -0.070307 -0.002073 0.963200
8.500000 -27.321581 12.360574 0.677980 0.254039 -0.069038 -0.006198 0.964707
8.533330 -27.399005 12.180966 0.668437 0.246882 -0.068942 -0.008213 0.966555
8.566670 -27.475174 12.000318 0.648174 0.241558 -0.066871 -0.010674 0.968021
8.600000 -27.545949 11.818160 0.622726 0.237937 -0.065782 -0.012915 0.968964
8.633340 -27.618927 11.635458 0.581362 0.234559 -0.063015 -0.017003 0.969908
8.666670 -27.688247 11.450660 0.530100 0.230691 -0.060123 -0.019820 0.970965
8.700000 -27.756504 11.265070 0.469337 0.226145 -0.057080 -0.021104 0.972191
8.733340 -27.825567 11.079644 0.399628 0.221383 -0.053945 -0.024645 0.973382
8.766670 -27.893273 10.893427 0.321695 0.215992 -0.051684 -0.027333 0.974643
8.800000 -27.959346 10.706219 0.236389 0.211596 -0.048181 -0.028101 0.975764
8.833340 -28.019185 10.515762 0.144647 0.203119 -0.047658 -0.029721 0.977542
8.866670 -28.081902 10.326642 0.047429 0.197882 -0.044291 -0.031686 0.978712
8.900010 -28.142898 10.136420 -0.054317 0.194237 -0.043250 -0.031757 0.979486
8.933340 -28.202298 9.945310 -0.159405 0.191517 -0.041858 -0.033189 0.980035
8.966670 -28.259939 9.753471 -0.266648 0.186009 -0.036461 -0.033207 0.981310
9.000010 -28.315770 9.560918 -0.375083 0.180905 -0.030203 -0.033296 0.982473
9.033340 -28.369550 9.367796 -0.483564 0.176530 -0.026742 -0.033636 0.983357
9.066670 -28.421440 9.173994 -0.590952 0.171554 -0.023912 -0.033826 0.984303
9.100010 -28.481039 8.978652 -0.676224 0.167194 -0.022825 -0.035828 0.985008
9.133340 -28.527039 8.736174 -0.739509 0.160296 -0.019343 -0.037405 0.986170
9.166680 -28.573435 8.538530 -0.834008 0.155356 -0.016543 -0.037292 0.987016
9.200010 -28.617387 8.340483 -0.923047 0.150939 -0.013043 -0.039815 0.987655
9.233340 -28.666286 8.119174 -1.001319 0.145361 -0.013096 -0.043912 0.988317
9.266680 -28.722220 7.884632 -1.078111 0.139760 -0.007380 -0.043749 0.989191
9.300010 -28.775866 7.675109 -1.147121 0.133780 -0.004638 -0.045478 0.989956
9.333340 -28.814245 7.471001 -1.205727 0.131526 -0.000835 -0.045289 0.990277
9.366680 -28.853416 7.267318 -1.255046 0.126947 0.002627 -0.044506 0.990907
9.400010 -28.886842 7.062164 -1.294254 0.121137 0.004814 -0.044022 0.991648
9.433350 -28.919293 6.857142 -1.323258 0.118787 0.008719 -0.045965 0.991817
9.466680 -28.949292 6.651552 -1.341451 0.113366 0.010273 -0.044917 0.992484
9.500010 -28.976377 6.445348 -1.348628 0.108112 0.012741 -0.044437 0.993063
9.533350 -29.001349 6.238743 -1.344898 0.103063 0.016984 -0.046304 0.993451
9.566680 -29.024220 6.031989 -1.330492 0.096447 0.020443 -0.047375 0.994000
9.600010 -29.047490 5.825588 -1.305351 0.090801 0.022923 -0.047819 0.994456
9.633350 -29.084220 5.621102 -1.269969 0.083548 0.027883 -0.050386 0.994838
9.666680 -29.115836 5.399795 -1.231009 0.079580 0.028958 -0.049680 0.995168
9.700020 -29.150113 5.183678 -1.182769 0.073994 0.034487 -0.052108 0.995299
9.733350 -29.167032 4.974963 -1.118681 0.070744 0.038398 -0.054241 0.995278
9.766680 -29.180542 4.765209 -1.047553 0.065999 0.040601 -0.052518 0.995609
9.800020 -29.201220 4.565151 -0.972451 0.061890 0.042441 -0.051292 0.995860
9.833350 -29.210975 4.355571 -0.887706 0.056528 0.045744 -0.054602 0.995857
9.866680 -29.219487 4.145694 -0.797390 0.052253 0.049902 -0.055283 0.995853
9.900020 -29.225283 3.935299 -0.702671 0.045616 0.055262 -0.054854 0.995920
9.933350 -29.235441 3.734183 -0.602712 0.039214 0.060337 -0.055498 0.995862
9.966690 -29.238402 3.523554 -0.502368 0.034889 0.061199 -0.055641 0.995963
10.000000 -29.239285 3.312800 -0.401269 0.030054 0.064733 -0.055301 0.995916
10.033400 -29.241378 3.101244 -0.299517 0.023600 0.066282 -0.053323 0.996096
10.066700 -29.240413 2.890106 -0.199757 0.018248 0.067391 -0.050027 0.996305
10.100000 -29.248639 2.676222 -0.107081 0.012966 0.070204 -0.048696 0.996259
10.133400 -29.243751 2.463578 -0.012938 0.006430 0.074358 -0.048281 0.996041
10.166700 -29.236879 2.251652 0.076549 -0.000158 0.077578 -0.045917 0.995928
10.200000 -29.228636 2.039834 0.160561 -0.007570 0.079835 -0.044445 0.995788
10.233400 -29.219310 1.827536 0.238146 -0.013433 0.081806 -0.043116 0.995625
10.266700 -29.230871 1.580884 0.293910 -0.019494 0.084772 -0.040797 0.995374
10.300000 -29.220076 1.355497 0.352632 -0.026275 0.087485 -0.040795 0.994983
10.333400 -29.204457 1.141869 0.405579 -0.031777 0.091492 -0.040402 0.994478
10.366700 -29.189421 0.929075 0.448415 -0.036380 0.091750 -0.038532 0.994371
10.400000 -29.176308 0.716369 0.481168 -0.040182 0.094363 -0.037433 0.994022
10.433400 -29.179097 0.495911 0.496081 -0.043838 0.094389 -0.037335 0.993869
10.466700 -29.160445 0.283775 0.507819 -0.049930 0.099500 -0.034637 0.993180
10.500000 -29.140311 0.072189 0.509716 -0.056817 0.101930 -0.030819 0.992689
10.533400 -29.118301 -0.140277 0.499531 -0.062196 0.103334 -0.029933 0.992249
10.566700 -29.094898 -0.351845 0.478555 -0.066110 0.106767 -0.026885 0.991719
10.600000 -29.069808 -0.563123 0.446720 -0.070057 0.108358 -0.023473 0.991362
10.633400 -29.058686 -0.766842 0.411013 -0.075134 0.108195 -0.021658 0.991050
10.666700 -29.031252 -0.977075 0.358942 -0.077242 0.108913 -0.018056 0.990881
10.700000 -29.002220 -1.186793 0.297430 -0.081495 0.109172 -0.015231 0.990559
10.733400 -28.971029 -1.396733 0.226804 -0.087229 0.107751 -0.013149 0.990257
10.766700 -28.938429 -1.605677 0.148130 -0.093648 0.106970 -0.011922 0.989770
10.800000 -28.904184 -1.814093 0.062163 -0.097492 0.108505 -0.009679 0.989256
10.833400 -28.871002 -2.022896 -0.030434 -0.103195 0.106937 -0.010788 0.988837
10.866700 -28.833523 -2.230604 -0.128402 -0.108440 0.106658 -0.008126 0.988331
10.900000 -28.827619 -2.439552 -0.231773 -0.114880 0.104324 -0.005440 0.987871
10.933400 -28.803685 -2.583687 -0.338438 -0.117975 0.106975 -0.002923 0.987233
10.966700 -28.764291 -2.788035 -0.446538 -0.124778 0.105550 -0.000408 0.986554
11.000000 -28.721849 -2.992003 -0.555845 -0.131406 0.102837 0.002305 0.985977
11.033400 -28.716248 -3.091590 -0.663014 -0.135018 0.103230 0.005287 0.985437
11.066700 -28.675009 -3.271461 -0.769928 -0.140767 0.100624 0.005821 0.984899
11.100000 -28.629858 -3.468662 -0.875626 -0.144421 0.100448 0.008308 0.984370
11.133400 -28.587460 -3.637441 -0.978647 -0.151143 0.100152 0.011175 0.983362
11.166700 -28.538916 -3.832466 -1.076515 -0.157384 0.098984 0.017179 0.982414
11.200000 -28.488712 -4.027038 -1.168772 -0.160946 0.098633 0.018477 0.981848
11.233400 -28.435655 -4.221534 -1.254940 -0.166496 0.098385 0.019886 0.980920
11.266700 -28.382235 -4.414922 -1.333588 -0.171129 0.094982 0.022496 0.980402
11.300000 -28.327229 -4.607687 -1.404072 -0.174761 0.093143 0.025409 0.979866
11.333400 -28.270268 -4.800433 -1.465945 -0.180168 0.089069 0.027657 0.979204
11.366700 -28.211963 -4.992045 -1.518033 -0.183906 0.086591 0.029027 0.978692
11.400000 -28.152224 -5.182969 -1.560151 -0.189547 0.085553 0.029080 0.977705
11.433400 -28.090864 -5.374028 -1.591990 -0.193433 0.084255 0.030323 0.977019
11.466700 -28.028161 -5.563848 -1.613015 -0.197714 0.082163 0.029936 0.976351
11.500000 -27.965009 -5.753274 -1.623505 -0.204543 0.082470 0.033044 0.974817
11.533400 -27.899093 -5.942459 -1.622973 -0.212327 0.080336 0.032791 0.973339
11.566700 -27.831789 -6.130378 -1.611440 -0.218703 0.080906 0.033767 0.971845
11.600000 -27.814949 -6.241106 -1.591191 -0.224568 0.078646 0.037828 0.970543
11.633400 -27.744475 -6.424029 -1.557814 -0.229081 0.077737 0.039987 0.969474
11.666700 -27.683414 -6.599884 -1.511156 -0.234832 0.076529 0.039350 0.968219
11.700000 -27.611698 -6.781018 -1.458635 -0.240931 0.072940 0.042436 0.966867
11.733400 -27.538044 -6.961819 -1.397284 -0.247006 0.069818 0.044002 0.965493
11.766700 -27.463348 -7.135554 -1.323528 -0.251354 0.066541 0.044204 0.964593
11.800000 -27.387101 -7.314233 -1.246514 -0.256582 0.064253 0.043270 0.963413
11.833400 -27.309068 -7.492537 -1.162921 -0.262498 0.063043 0.043540 0.961886
11.866700 -27.235372 -7.654737 -1.068150 -0.266231 0.058965 0.043871 0.961103
11.900000 -27.154419 -7.830686 -0.974619 -0.271768 0.056145 0.042918 0.959764
11.933400 -27.069056 -8.005187 -0.877299 -0.276952 0.051867 0.043090 0.958515
11.966700 -26.984788 -8.179064 -0.778120 -0.282550 0.049720 0.043565 0.956972
12.000000 -26.912261 -8.348222 -0.668214 -0.290167 0.046505 0.042159 0.954915
12.033400 -26.825701 -8.521121 -0.566843 -0.296336 0.042846 0.043332 0.953138
12.066700 -26.737653 -8.692335 -0.466850 -0.301964 0.041537 0.039824 0.951581
12.100000 -26.648384 -8.862462 -0.369079 -0.304158 0.036599 0.040776 0.951044
12.133400 -26.555579 -9.031132 -0.274440 -0.308295 0.033284 0.044287 0.949676
12.166700 -26.462648 -9.198584 -0.184438 -0.314854 0.029722 0.047419 0.947489
12.200000 -26.367870 -9.364545 -0.099901 -0.318800 0.028856 0.047871 0.946173
12.233400 -26.272981 -9.530221 -0.021596 -0.322534 0.025439 0.045249 0.945133
12.266700 -26.196161 -9.674735 0.055384 -0.326174 0.020761 0.043164 0.944096
12.300100 -26.100426 -9.836512 0.118417 -0.334176 0.016361 0.041041 0.941475
12.333400 -26.002973 -9.996143 0.172388 -0.338184 0.012151 0.042116 0.940058
12.366700 -25.904635 -10.154509 0.216968 -0.342301 0.007615 0.043584 0.938548
12.400100 -25.805075 -10.311892 0.251565 -0.347553 0.003939 0.043055 0.936663
12.433400 -25.704043 -10.466804 0.275591 -0.351777 0.001251 0.041194 0.935176
12.466700 -25.622563 -10.593576 0.291480 -0.354976 -0.003357 0.040749 0.933981
12.500100 -25.525703 -10.741451 0.294292 -0.360673 -0.007330 0.040124 0.931800
12.533400 -25.423544 -10.890938 0.285952 -0.366323 -0.006778 0.038115 0.929682
12.566700 -25.320582 -11.039161 0.266774 -0.372580 -0.009941 0.035302 0.927275
12.600100 -25.210217 -11.185653 0.237097 -0.377186 -0.013449 0.031815 0.925493
12.633400 -25.105186 -11.331018 0.196298 -0.381565 -0.016309 0.027984 0.923775
12.666700 -24.998760 -11.474382 0.146025 -0.387056 -0.020083 0.025959 0.921472
12.700100 -24.891265 -11.616752 0.086111 -0.391734 -0.024365 0.025121 0.919413
12.733400 -24.783067 -11.757298 0.017368 -0.397455 -0.030418 0.025488 0.916763
12.766700 -24.673841 -11.896320 -0.059434 -0.403262 -0.035227 0.023492 0.914104
12.800100 -24.563338 -12.034165 -0.143867 -0.408752 -0.037979 0.022037 0.911589
12.833400 -24.452256 -12.169993 -0.234533 -0.413752 -0.041488 0.018561 0.909254
12.866700 -24.338586 -12.303150 -0.330696 -0.418433 -0.041252 0.018036 0.907131
12.900100 -24.225195 -12.436080 -0.431629 -0.424006 -0.041650 0.016200 0.904556
12.933400 -24.099856 -12.561947 -0.535036 -0.430911 -0.044161 0.014096 0.901203
12.966700 -23.984494 -12.691209 -0.641184 -0.434012 -0.045293 0.012679 0.899679
13.000100 -23.860653 -12.821300 -0.748307 -0.437442 -0.050777 0.010023 0.897756
13.033400 -23.725021 -12.961956 -0.855593 -0.440845 -0.052448 0.006904 0.896023
13.066700 -23.613755 -13.098974 -0.961455 -0.442512 -0.053827 0.005248 0.895130
13.100100 -23.479455 -13.249991 -1.064842 -0.448206 -0.056392 0.003874 0.892141
13.133400 -23.334495 -13.390283 -1.163777 -0.453331 -0.058299 0.002370 0.889430
13.166700 -23.210230 -13.512535 -1.259874 -0.460092 -0.059768 -0.000498 0.885857
13.200100 -23.084359 -13.633344 -1.350778 -0.463382 -0.061989 -0.002707 0.883984
13.233400 -22.957640 -13.752285 -1.434934 -0.467466 -0.064670 -0.004281 0.881632
13.266700 -22.829789 -13.869524 -1.511795 -0.471079 -0.067449 -0.007002 0.879481
13.300100 -22.700387 -13.985559 -1.580848 -0.475360 -0.070555 -0.007354 0.876927
13.333400 -22.570439 -14.099627 -1.640726 -0.479296 -0.071490 -0.008418 0.874697
13.366700 -22.439493 -14.211970 -1.690905 -0.485244 -0.073762 -0.009961 0.871205
13.400100 -22.282245 -14.369189 -1.729058 -0.488890 -0.074245 -0.014971 0.869051
13.433400 -22.147892 -14.479375 -1.758762 -0.493957 -0.076179 -0.016118 0.865993
13.466700 -22.012927 -14.587946 -1.777673 0.500731 0.077607 0.019395 -0.861898
13.500100 -21.876467 -14.695102 -1.785693 0.503822 0.078329 0.023536 -0.859927
13.533400 -21.739359 -14.800029 -1.782839 0.509633 0.079881 0.024987 -0.856311
13.566700 -21.567173 -14.878899 -1.767796 0.512809 0.080241 0.026297 -0.854340
13.600100 -21.427387 -14.979994 -1.743295 0.517106 0.080795 0.028145 -0.851634
13.633400 -21.286646 -15.077144 -1.708696 0.521767 0.081781 0.032068 -0.848553
13.666700 -21.152391 -15.179889 -1.665876 0.523545 0.083367 0.034247 -0.847218
13.700100 -21.015250 -15.276622 -1.609622 0.528205 0.083788 0.036592 -0.844180
13.733400 -20.872571 -15.370181 -1.546126 0.531947 0.083796 0.040169 -0.841663
13.766700 -20.725421 -15.454704 -1.472926 0.537419 0.083213 0.044206 -0.838035
13.800100 -20.576886 -15.536957 -1.391081 0.544243 0.082627 0.047015 -0.833524
13.833400 -20.419632 -15.640377 -1.304385 0.547949 0.081652 0.046285 -0.831229
13.866700 -20.273729 -15.727740 -1.213213 0.551070 0.080319 0.048840 -0.829147
13.900100 -20.129411 -15.810053 -1.113926 0.554861 0.080748 0.054141 -0.826243
13.933400 -19.981121 -15.892495 -1.015013 0.560757 0.079009 0.056943 -0.822233
13.966700 -19.831890 -15.967165 -0.912019 0.566852 0.075934 0.060281 -0.818095
14.000100 -19.682172 -16.045992 -0.809259 0.572559 0.073996 0.064617 -0.813957
14.033400 -19.532058 -16.122924 -0.706871 0.575855 0.072951 0.063867 -0.811782
14.066700 -19.381348 -16.198059 -0.605589 0.579322 0.070898 0.066938 -0.809246
14.100100 -19.225048 -16.253330 -0.503056 0.584483 0.068644 0.071206 -0.805356
14.133400 -19.070312 -16.318360 -0.406372 0.588709 0.068660 0.075076 -0.801917
14.166700 -18.915683 -16.384560 -0.314870 0.593585 0.067669 0.077518 -0.798166
14.200100 -18.745027 -16.430156 -0.226463 0.598023 0.064917 0.078867 -0.794943
14.233400 -18.590621 -16.495978 -0.147291 0.603277 0.063276 0.082510 -0.790725
14.266700 -18.435154 -16.558811 -0.075353 0.608091 0.062605 0.084183 -0.786904
14.300100 -18.278926 -16.619602 -0.011361 0.612004 0.062497 0.088441 -0.783405
14.333400 -18.096715 -16.699095 0.039881 0.614914 0.060229 0.088727 -0.781269
14.366700 -17.938964 -16.755912 0.085383 0.618985 0.058445 0.091616 -0.777848
14.400100 -17.780454 -16.810912 0.120968 0.623863 0.057167 0.093007 -0.773871
14.433400 -17.622125 -16.863546 0.146115 0.627940 0.054782 0.093493 -0.770681
14.466700 -17.463550 -16.914288 0.160736 0.632763 0.051993 0.093591 -0.766909
14.500100 -17.304084 -16.962802 0.164597 0.638129 0.046624 0.095127 -0.762607
14.533400 -17.144919 -17.008981 0.157607 0.644011 0.043141 0.094435 -0.757938
14.566700 -16.985516 -17.053094 0.139823 0.648855 0.038854 0.094958 -0.753963
14.600100 -16.825649 -17.095310 0.111314 0.652359 0.037139 0.094897 -0.751028
14.633400 -16.666238 -17.135725 0.072648 0.655161 0.036027 0.094228 -0.748724
14.666700 -16.506230 -17.173427 0.024104 0.658829 0.032859 0.094221 -0.745645
14.700100 -16.345765 -17.209770 -0.034131 0.664947 0.030923 0.092765 -0.740462
14.733400 -16.185494 -17.243799 -0.100958 0.666706 0.029150 0.093120 -0.738906
14.766800 -16.024038 -17.274737 -0.176133 0.670527 0.028667 0.091269 -0.735691
14.800100 -15.861681 -17.300262 -0.258852 0.675613 0.025195 0.092515 -0.730995
14.833400 -15.700445 -17.327314 -0.347496 0.680349 0.021717 0.091245 -0.726862
14.866800 -15.538514 -17.352823 -0.441946 0.685627 0.018343 0.092509 -0.721818
14.900100 -15.361235 -17.355705 -0.543011 0.691486 0.014076 0.093265 -0.716206
14.933400 -15.170478 -17.385972 -0.645345 0.695651 0.011411 0.093101 -0.712230
14.966800 -15.005734 -17.403453 -0.750314 0.699938 0.011015 0.093171 -0.708015
15.000100 -14.842545 -17.416098 -0.857837 0.704642 0.008295 0.091049 -0.703648
15.033400 -14.679523 -17.421358 -0.965432 0.708635 0.005237 0.088014 -0.700045
15.066800 -14.514398 -17.434087 -1.070479 0.712034 0.002718 0.088803 -0.696502
15.100100 -14.348939 -17.444199 -1.173012 0.714189 -0.001128 0.087784 -0.694425
15.133400 -14.182860 -17.452040 -1.272251 0.717272 -0.002770 0.087330 -0.691293
15.166800 -14.015656 -17.457412 -1.367471 0.722847 -0.004901 0.085484 -0.685683
15.200100 -13.848544 -17.461063 -1.456986 0.725527 -0.009302 0.082369 -0.683183
15.233400 -13.698648 -17.440465 -1.538115 0.726506 -0.011506 0.082759 -0.682061
15.266800 -13.530848 -17.439888 -1.613559 0.730023 -0.013723 0.083349 -0.678182
15.300100 -13.384238 -17.430887 -1.680415 0.734666 -0.014709 0.080889 -0.673429
15.333400 -13.217233 -17.427060 -1.738434 0.737632 -0.016982 0.079769 -0.670259
15.366800 -13.049218 -17.421623 -1.787076 0.741243 -0.020937 0.078072 -0.666352
15.400100 -12.881082 -17.413021 -1.825503 0.745525 -0.024102 0.075767 -0.661719
15.433400 -12.762163 -17.386360 -1.851880 0.749621 -0.024989 0.074691 -0.657164
15.466800 -12.597011 -17.373808 -1.869024 0.754186 -0.027210 0.071565 -0.652183
15.500100 -12.429911 -17.360769 -1.875463 0.758078 -0.030193 0.068798 -0.647822
15.533400 -12.262208 -17.346141 -1.870817 0.761359 -0.031907 0.067911 -0.643974
15.566800 -12.093425 -17.329883 -1.855247 0.765060 -0.033205 0.066639 -0.639641
15.600100 -11.924664 -17.309820 -1.829032 0.767696 -0.039068 0.062102 -0.636600
15.633400 -11.755435 -17.290286 -1.792387 0.770596 -0.041604 0.060684 -0.633063
15.666800 -11.585014 -17.269173 -1.745411 0.773857 -0.043230 0.059386 -0.629086
15.700100 -11.414321 -17.246597 -1.688997 0.777286 -0.044520 0.056552 -0.625018
15.733400 -11.243176 -17.220844 -1.623895 0.782013 -0.046875 0.052635 -0.619263
15.766800 -11.071023 -17.195033 -1.550231 0.785855 -0.047893 0.049216 -0.614586
15.800100 -10.898930 -17.167503 -1.469539 0.790770 -0.049726 0.046650 -0.608304
15.833400 -10.726706 -17.138117 -1.382318 0.794028 -0.053142 0.043605 -0.603982
15.866800 -10.553896 -17.106784 -1.289290 0.798407 -0.055311 0.038867 -0.598312
15.900100 -10.381538 -17.073838 -1.192087 0.801645 -0.057592 0.037065 -0.593865
15.933400 -10.209202 -17.039489 -1.091695 0.804635 -0.058367 0.032555 -0.589997
15.966800 -10.036436 -17.003311 -0.988689 0.807140 -0.059793 0.030537 -0.586529
16.000100 -9.864379 -16.965529 -0.884784 0.809847 -0.058897 0.025927 -0.583102
16.033400 -9.692565 -16.925766 -0.780903 0.812500 -0.061381 0.020855 -0.579345
16.066800 -9.520516 -16.884092 -0.677855 0.813789 -0.062311 0.019070 -0.577496
16.100100 -9.349233 -16.840217 -0.577384 0.815384 -0.063576 0.015606 -0.575207
16.133400 -9.185318 -16.784976 -0.494107 0.817238 -0.070633 0.010748 -0.571854
16.166800 -9.015135 -16.735730 -0.401559 0.820236 -0.072019 0.007147 -0.567429
16.200100 -8.845722 -16.685268 -0.314698 0.824050 -0.071759 0.005718 -0.561925
16.233400 -8.676902 -16.633497 -0.234449 0.826372 -0.072009 0.003322 -0.558491
16.266800 -8.508292 -16.579120 -0.161151 0.829803 -0.075868 0.000074 -0.552876
16.300100 -8.340889 -16.522944 -0.096330 0.832955 -0.075721 -0.000220 -0.548135
16.333400 -8.174276 -16.464917 -0.040422 0.836415 -0.078839 -0.003544 -0.542386
16.366800 -8.007891 -16.404597 0.006394 0.839339 -0.078486 -0.009096 -0.537836
16.400100 -7.842686 -16.343173 0.043084 0.843195 -0.077367 -0.011176 -0.531894
16.433400 -7.678149 -16.279960 0.069576 0.845364 -0.076992 -0.014633 -0.528411
16.466800 -7.513928 -16.214148 0.085406 0.847137 -0.075851 -0.019097 -0.525585
16.500100 -7.350922 -16.146956 0.090370 0.849283 -0.074092 -0.023979 -0.522163
16.533400 -7.188419 -16.079191 0.084229 0.852386 -0.073642 -0.027321 -0.516980
16.566800 -7.026321 -16.008252 0.067358 0.855715 -0.073098 -0.030619 -0.511342
16.600100 -6.865555 -15.935774 0.039844 0.857432 -0.073454 -0.031756 -0.508336
16.633400 -6.705813 -15.861672 0.002078 0.860217 -0.073077 -0.034332 -0.503496
16.666800 -6.546224 -15.787607 -0.045954 0.863724 -0.072909 -0.039558 -0.497092
16.700100 -6.426224 -15.602244 -0.108716 0.867104 -0.073975 -0.042384 -0.490776
16.733400 -6.270526 -15.520028 -0.174668 0.870225 -0.073233 -0.043605 -0.485225
16.766800 -6.115092 -15.435834 -0.248836 0.872474 -0.070838 -0.046413 -0.481266
16.800100 -6.020334 -15.222016 -0.327589 0.874428 -0.070784 -0.049646 -0.477389
16.833400 -5.883689 -15.110034 -0.413824 0.877219 -0.068580 -0.053687 -0.472125
16.866800 -5.768902 -14.995149 -0.504212 0.879341 -0.067113 -0.057285 -0.467947
16.900100 -5.761989 -14.823665 -0.594085 0.880969 -0.066251 -0.060318 -0.464613
16.933400 -5.617635 -14.725212 -0.694819 0.883702 -0.066708 -0.063610 -0.458885
16.966800 -5.477971 -14.625691 -0.797509 0.886281 -0.067899 -0.063649 -0.453702
17.000100 -5.479274 -14.452496 -0.894815 0.887910 -0.067152 -0.066451 -0.450212
17.033400 -5.340334 -14.347077 -0.998705 0.890357 -0.067354 -0.068223 -0.445054
17.066700 -5.202046 -14.239856 -1.101292 0.892525 -0.065074 -0.070392 -0.440692
17.100100 -5.064957 -14.128351 -1.201866 0.894739 -0.063533 -0.071360 -0.436248
17.133400 -4.927835 -14.017411 -1.298661 0.897140 -0.061015 -0.072771 -0.431417
17.166700 -4.791313 -13.904647 -1.390840 0.899344 -0.059967 -0.075938 -0.426402
17.200100 -4.698818 -13.723710 -1.477335 0.900387 -0.057582 -0.074240 -0.424824
17.233400 -4.610180 -13.583339 -1.555029 0.903265 -0.053427 -0.077216 -0.418683
17.266700 -4.478313 -13.462636 -1.627647 0.906183 -0.054334 -0.079528 -0.411770
17.300100 -4.346250 -13.340057 -1.692141 0.907672 -0.052696 -0.079000 -0.408796
17.333400 -4.243120 -13.178374 -1.745709 0.908866 -0.052067 -0.078416 -0.406327
17.366700 -4.111432 -13.051429 -1.791330 0.910844 -0.050906 -0.078631 -0.401981
17.400100 -3.981726 -12.922407 -1.827212 0.913192 -0.046719 -0.078202 -0.397219
17.433400 -3.852423 -12.792558 -1.852668 0.914871 -0.044861 -0.078671 -0.393458
17.466700 -3.722073 -12.662711 -1.867359 0.916823 -0.041171 -0.078622 -0.389307
17.500100 -3.592766 -12.529419 -1.871035 0.919087 -0.038250 -0.079462 -0.384061
17.533400 -3.464544 -12.394525 -1.863703 0.921167 -0.036794 -0.078824 -0.379320
17.566700 -3.336947 -12.257543 -1.845342 0.924428 -0.034408 -0.077719 -0.371763
17.600100 -3.209308 -12.118313 -1.816162 0.925955 -0.032954 -0.076022 -0.368432
17.633400 -3.082468 -11.978027 -1.776690 0.928061 -0.028638 -0.076397 -0.363381
17.666700 -2.956068 -11.836180 -1.727049 0.930344 -0.025277 -0.075352 -0.357971
17.700100 -2.829719 -11.692517 -1.667681 0.932608 -0.022060 -0.074751 -0.352374
17.733400 -2.703319 -11.548854 -1.599626 0.934960 -0.017191 -0.072486 -0.346842
17.766700 -2.578129 -11.402973 -1.523408 0.936302 -0.015270 -0.070011 -0.343808
17.800100 -2.452816 -11.255460 -1.439612 0.937440 -0.012637 -0.067818 -0.341243
17.833400 -2.330431 -11.104730 -1.349492 0.939620 -0.009908 -0.069254 -0.334993
17.866700 -2.206516 -10.954939 -1.253902 0.941318 -0.010102 -0.067413 -0.330566
17.900100 -2.082840 -10.803305 -1.153602 0.942921 -0.007290 -0.065218 -0.326487
17.933400 -1.961910 -10.649364 -1.050427 0.945461 -0.005181 -0.064540 -0.319235
17.966700 -1.840103 -10.496004 -0.944644 0.946920 -0.001207 -0.062974 -0.315237
18.000100 -1.718741 -10.340877 -0.837377 0.948643 0.001887 -0.061759 -0.310255
18.033400 -1.600324 -10.183411 -0.730688 0.950644 0.003721 -0.060503 -0.304305
18.066700 -1.481585 -10.025900 -0.624879 0.951600 0.005647 -0.058450 -0.301677
18.100100 -1.366188 -9.864211 -0.521719 0.953399 0.009116 -0.058164 -0.295912
18.133400 -1.249558 -9.704355 -0.421208 0.954722 0.011537 -0.057828 -0.291596
18.166700 -1.133976 -9.543387 -0.325582 0.956297 0.014376 -0.054970 -0.286824
18.200100 -1.019123 -9.381135 -0.234796 0.957866 0.017558 -0.053855 -0.281574
18.233400 -0.906259 -9.218117 -0.151031 0.958985 0.019438 -0.051342 -0.278090
18.266700 -0.794260 -9.054485 -0.074233 0.960991 0.020984 -0.050283 -0.271159
18.300100 -0.682954 -8.889594 -0.005635 0.963055 0.022146 -0.048650 -0.263948
18.333400 -0.573577 -8.724228 0.054290 0.964335 0.023521 -0.045684 -0.259649
18.366700 -0.465511 -8.558002 0.104811 0.966090 0.023008 -0.042196 -0.253693
18.400100 -0.506920 -8.285448 0.135393 0.967231 0.023223 -0.044126 -0.248954
18.433400 -0.454330 -8.084967 0.162275 0.968263 0.026065 -0.041185 -0.245134
18.466700 -0.360109 -7.910069 0.180942 0.969833 0.025428 -0.037321 -0.239552
18.500100 -0.327977 -7.722704 0.188252 0.971287 0.028357 -0.033529 -0.233824
18.533400 -0.239576 -7.545461 0.185123 0.972569 0.030214 -0.030306 -0.228646
18.566700 -0.152701 -7.367338 0.171193 0.973977 0.028266 -0.027703 -0.223163
18.600100 -0.100961 -7.173235 0.145481 0.975624 0.029346 -0.023572 -0.216199
18.633400 -0.017618 -6.993234 0.110209 0.976981 0.029635 -0.020123 -0.210297
18.666700 0.063630 -6.812094 0.064909 0.977891 0.031549 -0.015970 -0.206101
18.700100 0.145675 -6.630821 0.009681 0.978626 0.034841 -0.010163 -0.202420
18.733400 0.193284 -6.435756 -0.055430 0.979403 0.036563 -0.007483 -0.198436
18.766700 0.265707 -6.250139 -0.126566 0.981145 0.033990 -0.005259 -0.190187
18.800100 0.338718 -6.063827 -0.205682 0.981881 0.033943 0.001296 -0.186432
18.833400 0.410544 -5.877719 -0.291101 0.982954 0.035171 0.002969 -0.180432
18.866700 0.473738 -5.683852 -0.381347 0.983795 0.035476 0.002136 -0.175738
18.900100 0.541328 -5.494273 -0.476836 0.984221 0.035092 0.004498 -0.173371
18.933400 0.579812 -5.289936 -0.576212 0.984700 0.034467 0.007659 -0.170643
18.966700 0.647782 -5.100727 -0.677014 0.985167 0.035810 0.012726 -0.167335
19.000100 0.715956 -4.912327 -0.779741 0.985614 0.038462 0.017589 -0.163635
19.033400 0.773410 -4.720781 -0.881509 0.986002 0.039952 0.022498 -0.160302
19.066700 0.836849 -4.529222 -0.982323 0.986333 0.040892 0.027205 -0.157272
19.100100 0.898056 -4.334920 -1.080838 0.986700 0.042429 0.033858 -0.153218
19.133400 0.957778 -4.140393 -1.175621 0.987630 0.042223 0.036068 -0.146637
19.166700 1.016210 -3.944962 -1.265928 0.988401 0.041698 0.038848 -0.140767
19.200100 1.073754 -3.748325 -1.351047 0.989162 0.039322 0.042164 -0.135036
19.233400 1.130110 -3.551471 -1.429435 0.989672 0.037874 0.045637 -0.130506
19.266700 1.168331 -3.348385 -1.502340 0.990316 0.037880 0.050134 -0.123798
19.300000 1.222731 -3.149761 -1.565588 0.990591 0.035513 0.052809 -0.121163
19.333400 1.276345 -2.949541 -1.620065 0.991085 0.033625 0.057422 -0.115422
19.366700 1.329020 -2.748974 -1.664889 0.991389 0.032813 0.063477 -0.109739
19.400000 1.380850 -2.547673 -1.699739 0.991910 0.031542 0.065421 -0.104114
19.433400 1.432120 -2.344984 -1.724350 0.992498 0.031420 0.066185 -0.097876
19.466700 1.482862 -2.142281 -1.738151 0.992600 0.030849 0.070163 -0.094187
19.500000 1.532439 -1.938649 -1.741210 0.992779 0.029969 0.072566 -0.090694
19.533400 1.581193 -1.733513 -1.733284 0.993165 0.031665 0.074049 -0.084483
19.566700 1.629026 -1.528303 -1.714548 0.993546 0.030766 0.073751 -0.080501
19.600000 1.610233 -1.302481 -1.691344 0.994091 0.029488 0.072324 -0.075385
19.633400 1.623547 -1.092251 -1.652785 0.994347 0.031086 0.073982 -0.069535
19.666700 1.643363 -0.889812 -1.603577 0.994583 0.029664 0.075500 -0.065002
19.700000 1.681304 -0.682804 -1.543950 0.994614 0.027431 0.078129 -0.062348
19.733400 1.718059 -0.474734 -1.475365 0.994705 0.026470 0.080947 -0.057517
19.766700 1.753519 -0.266738 -1.398892 0.995024 0.023626 0.082358 -0.050858
19.800000 1.783585 -0.057132 -1.315027 0.995155 0.022418 0.084393 -0.045194
19.833400 1.816007 0.152535 -1.224337 0.995152 0.022481 0.086871 -0.040257
19.866700 1.846805 0.362033 -1.128493 0.995141 0.023140 0.088909 -0.035405
19.900000 1.737492 0.586432 -1.035639 0.995219 0.023696 0.089883 -0.029971
19.933400 1.744173 0.790478 -0.931080 0.995401 0.023898 0.089444 -0.024615
19.966700 1.647674 0.899165 -0.820176 0.995222 0.024351 0.092964 -0.017259
