0.433333 -0.065973 2.089192 0.669098 0.996827 0.043056 0.044137 0.050340
0.466667 -0.081602 2.297138 0.685469 0.996458 0.041923 0.047312 0.055449
0.500000 -0.098867 2.504809 0.690943 0.996058 0.040711 0.050423 0.060565
0.533333 -0.117555 2.712189 0.685466 0.995621 0.039427 0.053567 0.065683
0.566667 -0.138069 2.919260 0.669090 0.995158 0.038065 0.056539 0.070812
0.600000 -0.160213 3.125987 0.641998 0.994665 0.036631 0.059434 0.075947
0.633333 -0.183984 3.332355 0.604487 0.994141 0.035127 0.062249 0.081090
0.666667 -0.209382 3.538345 0.556965 0.993587 0.033557 0.064980 0.086239
0.700000 -0.236401 3.743925 0.499957 0.993003 0.031922 0.067625 0.091395
0.733334 -0.265040 3.949082 0.434083 0.992390 0.030226 0.070178 0.096558
0.766667 -0.295295 4.153784 0.360070 0.991748 0.028471 0.072638 0.101729
0.800000 -0.327163 4.358012 0.278725 0.991078 0.026661 0.075000 0.106906
0.833334 -0.360641 4.561752 0.190939 0.990380 0.024797 0.077261 0.112090
0.866667 -0.395725 4.764968 0.097677 0.989654 0.022884 0.079419 0.117280
0.900000 -0.432411 4.967645 -0.000041 0.988900 0.020925 0.081470 0.122477
0.933334 -0.470696 5.169766 -0.101148 0.988120 0.018922 0.083413 0.127681
0.966667 -0.510574 5.371296 -0.204530 0.987314 0.016880 0.085244 0.132890
1.000000 -0.552042 5.572221 -0.309057 0.986481 0.014801 0.086961 0.138105
1.033330 -0.595050 5.772414 -0.413564 0.985623 0.012696 0.088572 0.143324
1.066670 -0.639690 5.972098 -0.516968 0.984739 0.010555 0.090055 0.148550
1.100000 -0.685891 6.171050 -0.618064 0.983831 0.008388 0.091418 0.153780
1.133330 -0.733662 6.369308 -0.715775 0.982899 0.006199 0.092658 0.159014
1.166670 -0.783013 6.566910 -0.809058 0.981943 0.003991 0.093776 0.164253
1.200000 -0.833908 6.763716 -0.896837 0.980963 0.001769 0.094769 0.169493
1.233330 -0.886358 6.959763 -0.978177 0.979959 -0.000465 0.095636 0.174737
1.266670 -0.940371 7.155088 -1.052209 0.978933 -0.002707 0.096376 0.179984
1.300000 -0.995911 7.349553 -1.118077 0.977885 -0.004951 0.096989 0.185231
1.333330 -1.052986 7.543195 -1.175085 0.976814 -0.007196 0.097472 0.190479
1.366670 -1.111610 7.736050 -1.222619 0.975721 -0.009438 0.097827 0.195729
1.400000 -1.171736 7.927936 -1.260094 0.974606 -0.011672 0.098053 0.200977
1.433330 -1.233381 8.118980 -1.287186 0.973471 -0.013894 0.098149 0.206224
1.466670 -1.296556 8.309174 -1.303567 0.972314 -0.016102 0.098116 0.211471
1.500000 -1.361214 8.498382 -1.309048 0.971136 -0.018291 0.097953 0.216714
1.533330 -1.427369 8.686642 -1.303576 0.969938 -0.020458 0.097662 0.221953
1.566670 -1.495032 8.873988 -1.287204 0.968720 -0.022599 0.097242 0.227191
1.600000 -1.564157 9.060287 -1.260121 0.967481 -0.024711 0.096695 0.232422
1.633330 -1.634756 9.245576 -1.222621 0.966223 -0.026789 0.096021 0.237647
1.666670 -1.706842 9.429890 -1.175098 0.964944 -0.028831 0.095222 0.242868
1.700000 -1.780365 9.613096 -1.118103 0.963646 -0.030832 0.094298 0.248081
1.733330 -1.855337 9.795232 -1.052245 0.962328 -0.032790 0.093252 0.253286
1.766670 -1.931774 9.976331 -0.978225 0.960990 -0.034702 0.092084 0.258484
1.800000 -2.009622 10.156264 -0.896896 0.959634 -0.036563 0.090796 0.263671
1.833330 -2.088897 10.335066 -0.809128 0.958257 -0.038371 0.089392 0.268849
1.866670 -2.169610 10.512772 -0.715855 0.956861 -0.040122 0.087871 0.274018
1.900000 -2.251706 10.689254 -0.618155 0.955446 -0.041813 0.086237 0.279173
1.933330 -2.335201 10.864547 -0.517070 0.954011 -0.043442 0.084493 0.284317
1.966670 -2.420110 11.038684 -0.413676 0.952556 -0.045006 0.082639 0.289450
2.000000 -2.506328 11.211351 -0.309069 0.951083 -0.046501 0.080681 0.294568
2.033330 -2.593960 11.382958 -0.204556 0.949589 -0.047926 0.078619 0.299672
2.066670 -2.682980 11.553350 -0.101157 0.948075 -0.049277 0.076457 0.304763
2.100000 -2.773324 11.722407 -0.000067 0.946541 -0.050551 0.074199 0.309838
2.133330 -2.865009 11.890161 0.097639 0.944987 -0.051747 0.071848 0.314897
2.166670 -2.958053 12.056644 0.190916 0.943412 -0.052863 0.069406 0.319941
2.200000 -3.052389 12.221739 0.278688 0.941817 -0.053896 0.066877 0.324967
2.233330 -3.148037 12.385475 0.360022 0.940201 -0.054843 0.064266 0.329976
2.266670 -3.245013 12.547886 0.434047 0.938563 -0.055704 0.061575 0.334970
2.300000 -3.343250 12.708854 0.499908 0.936905 -0.056477 0.058809 0.339944
2.333330 -3.442765 12.868411 0.556908 0.935224 -0.057159 0.055971 0.344899
2.366670 -3.543578 13.026588 0.604435 0.933522 -0.057750 0.053065 0.349838
2.400000 -3.645619 13.183271 0.641940 0.931797 -0.058248 0.050097 0.354756
2.433330 -3.748904 13.338492 0.669027 0.930050 -0.058651 0.047069 0.359655
2.466670 -3.853454 13.492279 0.685403 0.928279 -0.058959 0.043986 0.364537
2.500000 -3.959196 13.644523 0.690879 0.926485 -0.059171 0.040853 0.369397
2.533330 -4.066149 13.795254 0.685402 0.924668 -0.059286 0.037674 0.374238
2.566670 -4.174335 13.944499 0.669024 0.922827 -0.059303 0.034452 0.379061
2.600000 -4.283675 14.092154 0.641936 0.920961 -0.059222 0.031194 0.383863
2.633330 -4.394190 14.238246 0.604430 0.919070 -0.059042 0.027904 0.388645
2.666670 -4.505903 14.382802 0.556902 0.917154 -0.058764 0.024585 0.393409
2.700000 -4.618733 14.525721 0.499901 0.915213 -0.058388 0.021243 0.398151
2.733330 -4.732702 14.667030 0.434038 0.913246 -0.057912 0.017883 0.402875
2.766670 -4.847844 14.806748 0.360011 0.911252 -0.057339 0.014507 0.407580
2.800000 -4.964053 14.944790 0.278677 0.909232 -0.056668 0.011124 0.412265
2.833330 -5.081362 15.081177 0.190904 0.907185 -0.055900 0.007736 0.416930
2.866670 -5.199796 15.215933 0.097625 0.905110 -0.055035 0.004348 0.421578
2.900000 -5.319269 15.348964 -0.000082 0.903008 -0.054075 0.000965 0.426206
2.933330 -5.439803 15.480294 -0.101174 0.900878 -0.053020 -0.002408 0.430816
2.966670 -5.561423 15.609948 -0.204574 0.898718 -0.051872 -0.005767 0.435409
3.000000 -5.684042 15.737834 -0.309088 0.896531 -0.050633 -0.009107 0.439983
3.033330 -5.807683 15.863977 -0.413603 0.894315 -0.049304 -0.012423 0.444540
3.066670 -5.932370 15.988402 -0.517003 0.892068 -0.047886 -0.015712 0.449082
3.100000 -6.058014 16.111018 -0.618094 0.889793 -0.046381 -0.018968 0.453605
3.133330 -6.184638 16.231851 -0.715800 0.887488 -0.044792 -0.022187 0.458112
3.166670 -6.312268 16.350922 -0.809078 0.885152 -0.043120 -0.025365 0.462605
3.200000 -6.440813 16.468148 -0.896851 0.882786 -0.041369 -0.028497 0.467081
3.233330 -6.570298 16.583550 -0.978185 0.880390 -0.039539 -0.031579 0.471543
3.266660 -6.700706 16.697118 -1.052190 0.877963 -0.037635 -0.034607 0.475990
3.300000 -6.832065 16.808870 -1.118074 0.875505 -0.035657 -0.037578 0.480424
3.333330 -6.964280 16.918729 -1.175075 0.873016 -0.033610 -0.040485 0.484844
3.366660 -7.097377 17.026716 -1.222590 0.870497 -0.031496 -0.043327 0.489251
3.400000 -7.231381 17.132850 -1.260108 0.867945 -0.029317 -0.046100 0.493646
3.433330 -7.366197 17.237057 -1.287195 0.865363 -0.027079 -0.048799 0.498028
3.466660 -7.501850 17.339356 -1.303569 0.862750 -0.024783 -0.051421 0.502398
3.500000 -7.638367 17.439768 -1.309049 0.860105 -0.022433 -0.053964 0.506758
3.533330 -7.775651 17.538219 -1.303572 0.857430 -0.020032 -0.056422 0.511106
3.566660 -7.913727 17.634730 -1.287201 0.854724 -0.017584 -0.058794 0.515443
3.600000 -8.052623 17.729319 -1.260107 0.851986 -0.015092 -0.061076 0.519772
3.633330 -8.192239 17.821918 -1.222601 0.849217 -0.012561 -0.063265 0.524089
3.666660 -8.332602 17.912546 -1.175089 0.846419 -0.009994 -0.065359 0.528397
3.700000 -8.473738 18.001220 -1.118072 0.843588 -0.007394 -0.067356 0.532698
3.733330 -8.615548 18.087876 -1.052209 0.840729 -0.004767 -0.069251 0.536989
3.766660 -8.758059 18.172531 -0.978206 0.837839 -0.002115 -0.071044 0.541271
3.800000 -8.901298 18.255201 -0.896847 0.834919 0.000558 -0.072733 0.545546
3.833330 -9.045163 18.335827 -0.809074 0.831970 0.003247 -0.074314 0.549812
3.866660 -9.189681 18.414426 -0.715824 0.828992 0.005947 -0.075786 0.554070
3.900000 -9.334881 18.491012 -0.618088 0.825984 0.008657 -0.077149 0.558322
3.933330 -9.480658 18.565529 -0.516996 0.822949 0.011370 -0.078399 0.562566
3.966660 -9.627041 18.637994 -0.413627 0.819885 0.014083 -0.079536 0.566802
4.000000 -9.774058 18.708419 -0.309082 0.816793 0.016792 -0.080559 0.571032
4.033330 -9.921604 18.776754 -0.204567 0.813675 0.019492 -0.081467 0.575253
4.066660 -10.069707 18.843013 -0.101198 0.810530 0.022179 -0.082258 0.579468
4.100000 -10.218396 18.907208 -0.000076 0.807358 0.024850 -0.082932 0.583676
4.133330 -10.367565 18.969293 0.097631 0.804161 0.027500 -0.083489 0.587876
4.166660 -10.517242 19.029282 0.190883 0.800939 0.030124 -0.083928 0.592068
4.200000 -10.667457 19.087183 0.278684 0.797692 0.032721 -0.084249 0.596255
4.233330 -10.818102 19.142957 0.360019 0.794421 0.035283 -0.084452 0.600432
4.266660 -10.969206 19.196615 0.434025 0.791126 0.037808 -0.084537 0.604602
4.300000 -11.120798 19.248165 0.499910 0.787808 0.040293 -0.084504 0.608765
4.333330 -11.272770 19.297573 0.556912 0.784467 0.042733 -0.084355 0.612918
4.366660 -11.425151 19.344847 0.604428 0.781106 0.045123 -0.084089 0.617063
4.400000 -11.577970 19.389998 0.641947 0.777721 0.047462 -0.083708 0.621200
4.433330 -11.731119 19.432990 0.669036 0.774318 0.049743 -0.083212 0.625327
4.466660 -11.884627 19.473834 0.685410 0.770893 0.051965 -0.082602 0.629444
4.500000 -12.038523 19.512537 0.690891 0.767449 0.054124 -0.081881 0.633552
4.533330 -12.192698 19.549072 0.685416 0.763986 0.056215 -0.081048 0.637649
4.566660 -12.347182 19.583446 0.669046 0.760505 0.058235 -0.080107 0.641735
4.600000 -12.502003 19.615665 0.641953 0.757005 0.060183 -0.079058 0.645810
4.633330 -12.657052 19.645706 0.604449 0.753489 0.062054 -0.077904 0.649873
4.666660 -12.812358 19.673576 0.556937 0.749956 0.063844 -0.076646 0.653923
4.700000 -12.967952 19.699278 0.499922 0.746406 0.065552 -0.075287 0.657961
4.733330 -13.123722 19.722796 0.434060 0.742841 0.067174 -0.073829 0.661985
4.766660 -13.279697 19.744135 0.360058 0.739261 0.068707 -0.072275 0.665994
4.800000 -13.435909 19.763297 0.278701 0.735666 0.070150 -0.070626 0.669990
4.833330 -13.592356 19.780320 0.190898 0.732056 0.071499 -0.068887 0.673971
4.866660 -13.748851 19.795107 0.097649 0.728433 0.072752 -0.067060 0.677935
4.900000 -13.905531 19.807710 -0.000085 0.724796 0.073907 -0.065146 0.681883
4.933330 -14.062284 19.818120 -0.101176 0.721147 0.074961 -0.063151 0.685813
4.966660 -14.219141 19.826340 -0.204543 0.717485 0.075913 -0.061076 0.689726
5.000000 -14.376131 19.832371 -0.309088 0.713810 0.076761 -0.058926 0.693621
5.033330 -14.533142 19.836208 -0.413601 0.710125 0.077503 -0.056703 0.697496
5.066660 -14.690205 19.837852 -0.516970 0.706427 0.078138 -0.054412 0.701352
5.100000 -14.847350 19.837304 -0.618092 0.702718 0.078664 -0.052054 0.705188
5.133330 -15.004465 19.834564 -0.715797 0.698998 0.079081 -0.049636 0.709003
5.166660 -15.161580 19.829632 -0.809048 0.695267 0.079386 -0.047159 0.712796
5.200000 -15.318725 19.822505 -0.896848 0.691525 0.079580 -0.044628 0.716568
5.233330 -15.475788 19.813191 -0.978182 0.687773 0.079661 -0.042048 0.720316
5.266660 -15.632800 19.801686 -1.052186 0.684010 0.079628 -0.039421 0.724041
5.300000 -15.789789 19.787989 -1.118069 0.680236 0.079482 -0.036751 0.727744
5.333330 -15.946646 19.772109 -1.175070 0.676453 0.079222 -0.034044 0.731421
5.366660 -16.103399 19.754045 -1.222584 0.672659 0.078848 -0.031303 0.735073
5.400000 -16.260078 19.733790 -1.260101 0.668855 0.078360 -0.028532 0.738701
5.433330 -16.416573 19.711361 -1.287189 0.665040 0.077758 -0.025736 0.742302
5.466660 -16.572913 19.686753 -1.303562 0.661216 0.077043 -0.022918 0.745877
5.500000 -16.729128 19.659961 -1.309041 0.657379 0.076215 -0.020083 0.749427
5.533330 -16.885107 19.631006 -1.303564 0.653533 0.075275 -0.017235 0.752948
5.566660 -17.040880 19.599881 -1.287193 0.649677 0.074223 -0.014379 0.756442
5.600000 -17.196476 19.566578 -1.260098 0.645808 0.073061 -0.011518 0.759909
5.633330 -17.351785 19.531122 -1.222592 0.641928 0.071791 -0.008658 0.763347
5.666660 -17.506840 19.493521 -1.175093 0.638038 0.070412 -0.005801 0.766757
5.700000 -17.661663 19.453740 -1.118076 0.634134 0.068927 -0.002953 0.770139
5.733330 -17.816149 19.411821 -1.052213 0.630220 0.067338 -0.000119 0.773491
5.766660 -17.970326 19.367758 -0.978210 0.626293 0.065646 0.002699 0.776815
5.800000 -18.124225 19.321539 -0.896852 0.622352 0.063854 0.005496 0.780109
5.833330 -18.277735 19.273198 -0.809079 0.618399 0.061963 0.008268 0.783374
5.866660 -18.430886 19.222726 -0.715829 0.614433 0.059977 0.011010 0.786609
5.900000 -18.583708 19.170114 -0.618094 0.610451 0.057896 0.013719 0.789816
5.933330 -18.736091 19.115398 -0.517003 0.606457 0.055724 0.016391 0.792992
5.966660 -18.888064 19.058568 -0.413634 0.602448 0.053464 0.019021 0.796139
6.000000 -19.039658 18.999615 -0.309088 0.598422 0.051118 0.021607 0.799256
6.033330 -19.190763 18.938578 -0.204573 0.594383 0.048690 0.024144 0.802344
6.066660 -19.341410 18.875448 -0.101204 0.590327 0.046183 0.026629 0.805402
6.100000 -19.491626 18.810212 -0.000081 0.586254 0.043599 0.029058 0.808431
6.133330 -19.641305 18.742915 0.097625 0.582165 0.040943 0.031428 0.811431
6.166660 -19.790475 18.673545 0.190877 0.578058 0.038218 0.033735 0.814401
6.200000 -19.939165 18.602090 0.278677 0.573933 0.035427 0.035977 0.817344
6.233330 -20.087270 18.528599 0.360011 0.569791 0.032574 0.038149 0.820257
6.266660 -20.234817 18.453059 0.434017 0.565631 0.029664 0.040249 0.823141
6.300000 -20.381834 18.375455 0.499901 0.561450 0.026699 0.042275 0.825999
6.333330 -20.528218 18.295843 0.556902 0.557251 0.023685 0.044223 0.828827
6.366660 -20.673996 18.214206 0.604417 0.553032 0.020624 0.046091 0.831628
6.400000 -20.819196 18.130531 0.641936 0.548792 0.017521 0.047877 0.834403
6.433330 -20.963715 18.044875 0.669024 0.544533 0.014382 0.049578 0.837149
6.466660 -21.107581 17.957224 0.685398 0.540253 0.011209 0.051191 0.839869
6.500000 -21.250820 17.867559 0.690878 0.535951 0.008007 0.052715 0.842564
6.533330 -21.393331 17.775945 0.685402 0.531628 0.004781 0.054148 0.845232
6.566660 -21.535142 17.682364 0.669032 0.527284 0.001536 0.055488 0.847874
6.600000 -21.676279 17.586800 0.641938 0.522917 -0.001726 0.056733 0.850492
6.633330 -21.816642 17.489318 0.604433 0.518529 -0.004998 0.057882 0.853084
6.666660 -21.956258 17.389901 0.556922 0.514119 -0.008276 0.058935 0.855652
6.700000 -22.095153 17.288529 0.499906 0.509685 -0.011556 0.059889 0.858196
6.733330 -22.233229 17.185274 0.434044 0.505230 -0.014832 0.060743 0.860716
6.766660 -22.370513 17.080119 0.360042 0.500752 -0.018101 0.061497 0.863213
6.799990 -22.506988 16.973073 0.278710 0.496252 -0.021358 0.062150 0.865688
6.833330 -22.642682 16.864117 0.190912 0.491728 -0.024598 0.062702 0.868140
6.866660 -22.777498 16.753326 0.097663 0.487183 -0.027816 0.063152 0.870569
6.899990 -22.911461 16.640682 -0.000042 0.482615 -0.031008 0.063500 0.872977
6.933330 -23.044597 16.526161 -0.101163 0.478024 -0.034170 0.063746 0.875364
6.966660 -23.176812 16.409845 -0.204531 0.473411 -0.037296 0.063891 0.877729
6.999990 -23.308130 16.291713 -0.309044 0.468777 -0.040382 0.063933 0.880074
7.033330 -23.438577 16.171742 -0.413589 0.464119 -0.043426 0.063875 0.882399
7.066660 -23.568060 16.050015 -0.516958 0.459441 -0.046420 0.063716 0.884703
7.099990 -23.696604 15.926512 -0.618049 0.454742 -0.049361 0.063457 0.886987
7.133330 -23.824233 15.801208 -0.715784 0.450020 -0.052246 0.063099 0.889253
7.166660 -23.950857 15.674191 -0.809034 0.445279 -0.055070 0.062643 0.891498
7.199990 -24.076505 15.545446 -0.896815 0.440518 -0.057828 0.062091 0.893725
7.233330 -24.201190 15.414933 -0.978175 0.435736 -0.060518 0.061443 0.895933
7.266660 -24.324830 15.282752 -1.052179 0.430936 -0.063134 0.060701 0.898122
7.299990 -24.447448 15.148878 -1.118044 0.426117 -0.065673 0.059867 0.900293
7.333330 -24.569067 15.013285 -1.175064 0.421278 -0.068132 0.058942 0.902446
7.366660 -24.689600 14.876069 -1.222578 0.416422 -0.070506 0.057928 0.904580
7.399990 -24.809072 14.737205 -1.260087 0.411550 -0.072793 0.056828 0.906696
7.433330 -24.927504 14.596664 -1.287184 0.406659 -0.074989 0.055643 0.908795
7.466660 -25.044812 14.454549 -1.303557 0.401754 -0.077090 0.054376 0.910875
7.499990 -25.161019 14.310833 -1.309037 0.396834 -0.079094 0.053030 0.912938
7.533330 -25.276148 14.165486 -1.303560 0.391897 -0.080998 0.051605 0.914982
7.566660 -25.390115 14.018612 -1.287190 0.386948 -0.082798 0.050105 0.917009
7.599990 -25.502944 13.870184 -1.260105 0.381985 -0.084493 0.048534 0.919017
7.633330 -25.614655 13.720173 -1.222590 0.377008 -0.086079 0.046892 0.921008
7.666660 -25.725169 13.568685 -1.175078 0.372021 -0.087555 0.045185 0.922980
7.699990 -25.834508 13.415692 -1.118079 0.367023 -0.088917 0.043414 0.924934
7.733330 -25.942692 13.261165 -1.052198 0.362012 -0.090164 0.041582 0.926870
7.766660 -26.049643 13.105213 -0.978195 0.356994 -0.091294 0.039693 0.928787
7.799990 -26.155383 12.947806 -0.896862 0.351966 -0.092304 0.037750 0.930685
7.833330 -26.259932 12.788915 -0.809063 0.346928 -0.093195 0.035756 0.932565
7.866660 -26.363216 12.628653 -0.715813 0.341885 -0.093963 0.033715 0.934425
7.899990 -26.465254 12.466988 -0.618108 0.336834 -0.094608 0.031630 0.936265
7.933330 -26.566065 12.303889 -0.516987 0.331776 -0.095128 0.029504 0.938086
7.966660 -26.665579 12.139475 -0.413619 0.326714 -0.095523 0.027342 0.939886
7.999990 -26.763814 11.973711 -0.309105 0.321647 -0.095792 0.025147 0.941666
8.033330 -26.860787 11.806567 -0.204560 0.316574 -0.095934 0.022921 0.943426
8.066660 -26.956433 11.638162 -0.101191 0.311499 -0.095949 0.020671 0.945164
8.099990 -27.050767 11.468463 -0.000099 0.306422 -0.095837 0.018398 0.946880
8.133330 -27.143809 11.297438 0.097638 0.301341 -0.095596 0.016106 0.948576
8.166660 -27.235492 11.125209 0.190889 0.296259 -0.095229 0.013800 0.950248
8.200000 -27.325861 10.951690 0.278689 0.291176 -0.094734 0.011482 0.951898
8.233330 -27.414851 10.777006 0.360024 0.286093 -0.094112 0.009159 0.953525
8.266660 -27.502482 10.601123 0.434029 0.281010 -0.093364 0.006832 0.955128
8.300000 -27.588768 10.424008 0.499913 0.275926 -0.092491 0.004505 0.956708
8.333330 -27.673648 10.245785 0.556914 0.270844 -0.091493 0.002183 0.958263
8.366660 -27.757138 10.066421 0.604429 0.265764 -0.090372 -0.000131 0.959793
8.400000 -27.839255 9.885882 0.641947 0.260684 -0.089129 -0.002433 0.961298
8.433330 -27.919938 9.704295 0.669035 0.255607 -0.087766 -0.004719 0.962777
8.466670 -27.999230 9.521573 0.685412 0.250532 -0.086283 -0.006986 0.964230
8.500000 -28.077073 9.337844 0.690888 0.245460 -0.084684 -0.009229 0.965657
8.533330 -28.153483 9.153074 0.685411 0.240391 -0.082970 -0.011445 0.967056
8.566670 -28.228474 8.967228 0.669034 0.235324 -0.081143 -0.013631 0.968428
8.600000 -28.301991 8.780436 0.641946 0.230261 -0.079205 -0.015783 0.969772
8.633340 -28.374072 8.592608 0.604428 0.225201 -0.077159 -0.017897 0.971087
8.666670 -28.444666 8.403877 0.556913 0.220145 -0.075008 -0.019971 0.972374
8.700000 -28.513785 8.214208 0.499912 0.215092 -0.072754 -0.021999 0.973631
8.733340 -28.581444 8.023563 0.434029 0.210042 -0.070400 -0.023981 0.974860
8.766670 -28.647592 7.832078 0.360024 0.204996 -0.067949 -0.025911 0.976057
8.800000 -28.712246 7.639718 0.278689 0.199953 -0.065405 -0.027787 0.977225
8.833340 -28.775415 7.446444 0.190890 0.194913 -0.062770 -0.029607 0.978362
8.866670 -28.837056 7.252395 0.097639 0.189876 -0.060049 -0.031366 0.979468
8.900010 -28.897197 7.057475 -0.000097 0.184842 -0.057244 -0.033062 0.980543
8.933340 -28.955798 6.861823 -0.101189 0.179811 -0.054360 -0.034693 0.981585
8.966670 -29.012868 6.665401 -0.204558 0.174783 -0.051400 -0.036255 0.982596
9.000010 -29.068420 6.468171 -0.309103 0.169755 -0.048368 -0.037747 0.983575
9.033340 -29.122412 6.270275 -0.413617 0.164731 -0.045269 -0.039166 0.984520
9.066670 -29.174857 6.071674 -0.516985 0.159708 -0.042105 -0.040509 0.985434
9.100010 -29.225763 5.872330 -0.618106 0.154686 -0.038882 -0.041775 0.986314
9.133340 -29.275094 5.672385 -0.715812 0.149665 -0.035605 -0.042961 0.987161
9.166680 -29.322876 5.471740 -0.809089 0.144643 -0.032276 -0.044066 0.987975
9.200010 -29.369072 5.270539 -0.896859 0.139623 -0.028902 -0.045087 0.988755
9.233340 -29.413701 5.068720 -0.978189 0.134602 -0.025485 -0.046024 0.989502
9.266680 -29.456756 4.866288 -1.052213 0.129579 -0.022032 -0.046875 0.990215
9.300010 -29.498214 4.663367 -1.118073 0.124556 -0.018546 -0.047637 0.990895
9.333340 -29.538081 4.459917 -1.175071 0.119531 -0.015033 -0.048311 0.991540
9.366680 -29.576367 4.255899 -1.222595 0.114503 -0.011496 -0.048896 0.992152
9.400010 -29.613043 4.051459 -1.260097 0.109473 -0.007941 -0.049390 0.992730
9.433350 -29.648128 3.846496 -1.287188 0.104438 -0.004373 -0.049792 0.993275
9.466680 -29.681597 3.641155 -1.303555 0.099401 -0.000797 -0.050103 0.993785
9.500010 -29.713456 3.435398 -1.309028 0.094360 0.002783 -0.050321 0.994262
9.533350 -29.743711 3.229185 -1.303545 0.089313 0.006363 -0.050447 0.994705
9.566680 -29.772341 3.022663 -1.287168 0.084262 0.009935 -0.050480 0.995115
9.600010 -29.799352 2.815792 -1.260077 0.079206 0.013497 -0.050420 0.995491
9.633350 -29.824748 2.608533 -1.222555 0.074142 0.017044 -0.050269 0.995834
9.666680 -29.848512 2.401033 -1.175037 0.069074 0.020569 -0.050025 0.996144
9.700020 -29.870654 2.193190 -1.118015 0.063997 0.024070 -0.049690 0.996422
9.733350 -29.891159 1.985152 -1.052148 0.058914 0.027540 -0.049264 0.996666
9.766680 -29.910032 1.776879 -0.978140 0.053823 0.030975 -0.048749 0.996879
9.800020 -29.927276 1.568332 -0.896778 0.048723 0.034372 -0.048144 0.997059
9.833350 -29.942879 1.359658 -0.809002 0.043617 0.037723 -0.047452 0.997208
9.866680 -29.956843 1.150817 -0.715749 0.038502 0.041026 -0.046674 0.997324
9.900020 -29.969172 0.941771 -0.618011 0.033376 0.044277 -0.045810 0.997410
9.933350 -29.979856 0.732667 -0.516918 0.028243 0.047469 -0.044863 0.997465
9.966690 -29.988901 0.523402 -0.413517 0.023099 0.050600 -0.043834 0.997489
10.000000 -29.996296 0.314252 -0.309065 0.017951 0.053663 -0.042726 0.997483
10.033400 -30.002062 0.104484 -0.204332 0.012779 0.056663 -0.041537 0.997447
10.066700 -30.006168 -0.104684 -0.101057 0.007613 0.059580 -0.040276 0.997382
10.100000 -30.008628 -0.313858 -0.000056 0.002438 0.062418 -0.038941 0.997287
10.133400 -30.009450 -0.523643 0.097853 -0.002763 0.065184 -0.037531 0.997163
10.166700 -30.008625 -0.732759 0.191015 -0.007958 0.067855 -0.036057 0.997012
10.200000 -30.006155 -0.941813 0.278709 -0.013162 0.070437 -0.034515 0.996832
10.233400 -30.002032 -1.151407 0.360211 -0.018391 0.072933 -0.032906 0.996624
10.266700 -29.996276 -1.360266 0.434141 -0.023614 0.075326 -0.031241 0.996390
10.300000 -29.988876 -1.568993 0.499944 -0.028845 0.077620 -0.029517 0.996128
10.333400 -29.979810 -1.778191 0.557060 -0.034102 0.079817 -0.027733 0.995840
10.366700 -29.969129 -1.986585 0.604521 -0.039352 0.081903 -0.025903 0.995526
10.400000 -29.956810 -2.194779 0.641992 -0.044609 0.083881 -0.024024 0.995187
10.433400 -29.942811 -2.403374 0.669131 -0.049891 0.085753 -0.022094 0.994821
10.466700 -29.927217 -2.611098 0.685477 -0.055165 0.087507 -0.020127 0.994432
10.500000 -29.909988 -2.818554 0.690949 -0.060445 0.089146 -0.018121 0.994018
10.533400 -29.891069 -3.026341 0.685454 -0.065748 0.090671 -0.016072 0.993578
10.566700 -29.870576 -3.233190 0.669085 -0.071041 0.092072 -0.013998 0.993116
10.600000 -29.848455 -3.439703 0.642022 -0.076340 0.093352 -0.011895 0.992631
10.633400 -29.824635 -3.646475 0.604432 -0.081660 0.094512 -0.009761 0.992121
10.666700 -29.799262 -3.852245 0.556951 -0.086969 0.095543 -0.007612 0.991590
10.700000 -29.772271 -4.057611 0.500002 -0.092282 0.096450 -0.005444 0.991036
10.733400 -29.743575 -4.263165 0.433997 -0.097614 0.097231 -0.003255 0.990458
10.766700 -29.713349 -4.467654 0.360052 -0.102934 0.097881 -0.001063 0.989860
10.800000 -29.681514 -4.671670 0.278793 -0.108254 0.098404 0.001137 0.989240
10.833400 -29.647969 -4.875803 0.190833 -0.113593 0.098797 0.003346 0.988597
10.866700 -29.612919 -5.078808 0.097664 -0.118917 0.099059 0.005548 0.987935
10.900000 -29.576271 -5.281273 0.000048 -0.124240 0.099192 0.007747 0.987251
10.933400 -29.537914 -5.483784 -0.101254 -0.129578 0.099193 0.009943 0.986545
10.966700 -29.498076 -5.685105 -0.204528 -0.134899 0.099065 0.012122 0.985820
11.000000 -29.456650 -5.885820 -0.308944 -0.140218 0.098809 0.014287 0.985074
11.033400 -29.413509 -6.086505 -0.413678 -0.145549 0.098420 0.016439 0.984306
11.066700 -29.368921 -6.285942 -0.516946 -0.150861 0.097904 0.018561 0.983520
11.100000 -29.322758 -6.484708 -0.617940 -0.156169 0.097260 0.020658 0.982713
11.133400 -29.274886 -6.683375 -0.715841 -0.161488 0.096486 0.022731 0.981884
11.166700 -29.225593 -6.880733 -0.808995 -0.166784 0.095589 0.024764 0.981037
11.200000 -29.174740 -7.077353 -0.896680 -0.172074 0.094567 0.026762 0.980169
11.233400 -29.122182 -7.273804 -0.978172 -0.177372 0.093419 0.028724 0.979279
11.266700 -29.068231 -7.468887 -1.052091 -0.182645 0.092152 0.030638 0.978371
11.300000 -29.012739 -7.663168 -1.117884 -0.187910 0.090767 0.032505 0.977443
11.333400 -28.955544 -7.857208 -1.174989 -0.193181 0.089260 0.034328 0.976491
11.366700 -28.896988 -8.049823 -1.222438 -0.198426 0.087641 0.036092 0.975522
11.400000 -28.836911 -8.241574 -1.259898 -0.203660 0.085909 0.037800 0.974532
11.433400 -28.775134 -8.433011 -1.287024 -0.208898 0.084062 0.039453 0.973519
11.466700 -28.712032 -8.622969 -1.303358 -0.214109 0.082111 0.041040 0.972487
11.500000 -28.647431 -8.811999 -1.308818 -0.219306 0.080055 0.042562 0.971434
11.533400 -28.581136 -9.000645 -1.303312 -0.224506 0.077891 0.044020 0.970357
11.566700 -28.513550 -9.187757 -1.286931 -0.229676 0.075634 0.045404 0.969261
11.600000 -28.444484 -9.373881 -1.259856 -0.234832 0.073280 0.046715 0.968143
11.633400 -28.373734 -9.559549 -1.222254 -0.239989 0.070827 0.047955 0.967000
11.666700 -28.301733 -9.743632 -1.174763 -0.245115 0.068292 0.049113 0.965838
11.700000 -28.228277 -9.926664 -1.117803 -0.250226 0.065669 0.050191 0.964653
11.733400 -28.153145 -10.109173 -1.051787 -0.255335 0.062958 0.051191 0.963442
11.766700 -28.076798 -10.290045 -0.977833 -0.260415 0.060177 0.052104 0.962210
11.800000 -27.999020 -10.469807 -0.896564 -0.265477 0.057319 0.052931 0.960955
11.833400 -27.919579 -10.648976 -0.808597 -0.270537 0.054385 0.053674 0.959672
11.866700 -27.838960 -10.826457 -0.715420 -0.275564 0.051392 0.054325 0.958369
11.900000 -27.756938 -11.002770 -0.617794 -0.280575 0.048334 0.054884 0.957042
11.933400 -27.673265 -11.178421 -0.516486 -0.285584 0.045212 0.055356 0.955685
11.966700 -27.588461 -11.352340 -0.413207 -0.290560 0.042048 0.055734 0.954306
12.000000 -27.502298 -11.525047 -0.308795 -0.295519 0.038832 0.056018 0.952902
12.033400 -27.414480 -11.697008 -0.204064 -0.300475 0.035563 0.056207 0.951468
12.066700 -27.325566 -11.867190 -0.100793 -0.305400 0.032263 0.056301 0.950011
12.100000 -27.235296 -12.036087 0.000203 -0.310307 0.028925 0.056297 0.948527
12.133400 -27.143422 -12.204191 0.098106 -0.315211 0.025549 0.056199 0.947011
12.166700 -27.050489 -12.370469 0.191259 -0.320084 0.022158 0.056005 0.945473
12.200000 -26.956236 -12.535410 0.278944 -0.324940 0.018743 0.055713 0.943906
12.233400 -26.860390 -12.699488 0.360434 -0.329794 0.015303 0.055325 0.942306
12.266700 -26.763528 -12.861697 0.434352 -0.334616 0.011860 0.054841 0.940683
12.300100 -26.665081 -13.022996 0.500327 -0.339437 0.008400 0.054259 0.939025
12.333400 -26.565652 -13.182402 0.557244 -0.344227 0.004948 0.053585 0.937343
12.366700 -26.464955 -13.340381 0.604690 -0.349002 0.001496 0.052814 0.935631
12.400100 -26.362697 -13.497386 0.642243 -0.353776 -0.001957 0.051949 0.933885
12.433400 -26.259502 -13.652460 0.669269 -0.358520 -0.005387 0.050993 0.932113
12.466700 -26.155070 -13.806054 0.685599 -0.363250 -0.008804 0.049945 0.930310
12.500100 -26.049101 -13.958611 0.691054 -0.367981 -0.012207 0.048804 0.928471
12.533400 -25.942239 -14.109197 0.685543 -0.372684 -0.015575 0.047578 0.926607
12.566700 -25.834180 -14.258257 0.669159 -0.377373 -0.018914 0.046264 0.924711
12.600100 -25.724606 -14.406215 0.641982 -0.382064 -0.022226 0.044861 0.922779
12.633400 -25.614185 -14.552167 0.604474 -0.386728 -0.025490 0.043379 0.920820
12.666700 -25.502599 -14.696542 0.556979 -0.391381 -0.028710 0.041815 0.918830
12.700100 -25.389528 -14.839754 0.499831 -0.396036 -0.031892 0.040167 0.916801
12.733400 -25.275658 -14.980928 0.433998 -0.400666 -0.035011 0.038448 0.914747
12.766700 -25.160662 -15.120480 0.360042 -0.405285 -0.038074 0.036654 0.912661
12.800100 -25.044205 -15.258805 0.278517 -0.409908 -0.041085 0.034783 0.910537
12.833400 -24.926996 -15.395061 0.190803 -0.414508 -0.044023 0.032848 0.908387
12.866700 -24.808706 -15.529653 0.097626 -0.419097 -0.046891 0.030847 0.906205
12.900100 -24.688978 -15.662955 -0.000296 -0.423692 -0.049696 0.028777 0.903984
12.933400 -24.568547 -15.794159 -0.101304 -0.428266 -0.052417 0.026652 0.901737
12.966700 -24.447069 -15.923651 -0.204581 -0.432831 -0.055058 0.024471 0.899459
13.000100 -24.324188 -16.051798 -0.309313 -0.437403 -0.057625 0.022229 0.897142
13.033400 -24.200653 -16.177820 -0.413728 -0.441954 -0.060097 0.019943 0.894800
13.066700 -24.076112 -16.302088 -0.517000 -0.446498 -0.062480 0.017610 0.892427
13.100100 -23.950199 -16.424954 -0.618297 -0.451049 -0.064778 0.015227 0.890015
13.133400 -23.823685 -16.545671 -0.715907 -0.455580 -0.066974 0.012810 0.887580
13.166700 -23.696204 -16.664594 -0.809069 -0.460105 -0.069071 0.010357 0.885113
13.200100 -23.567384 -16.782058 -0.897018 -0.464639 -0.071074 0.007865 0.882608
13.233400 -23.438012 -16.897349 -0.978267 -0.469153 -0.072968 0.005351 0.880081
13.266700 -23.307716 -17.010807 -1.052200 -0.473663 -0.074757 0.002812 0.877523
13.300100 -23.176117 -17.122754 -1.118191 -0.478180 -0.076442 0.000245 0.874929
13.333400 -23.044016 -17.232507 -1.175125 -0.482680 -0.078014 -0.002332 0.872312
13.366700 -22.911035 -17.340391 -1.222591 -0.487174 -0.079473 -0.004921 0.869667
13.400100 -22.776780 -17.446705 -1.260164 -0.491678 -0.080825 -0.007528 0.866985
13.433400 -22.642080 -17.550809 -1.287211 -0.496163 -0.082057 -0.010132 0.864283
13.466700 -22.506545 -17.653012 -1.303562 0.500644 0.083174 0.012737 -0.861554
13.500100 -22.369777 -17.753597 -1.309039 0.505133 0.084176 0.015346 -0.858790
13.533400 -22.232612 -17.851953 -1.303549 0.509604 0.085057 0.017940 -0.856007
13.566700 -22.094655 -17.948372 -1.287186 0.514070 0.085819 0.020523 -0.853197
13.600100 -21.955506 -18.043126 -1.260031 0.518544 0.086464 0.023099 -0.850354
13.633400 -21.816011 -18.135635 -1.222543 0.523000 0.086986 0.025647 -0.847494
13.666700 -21.675770 -18.226177 -1.175067 0.527450 0.087388 0.028172 -0.844610
13.700100 -21.534396 -18.315062 -1.117927 0.531907 0.087668 0.030678 -0.841693
13.733400 -21.392708 -18.401637 -1.052110 0.536346 0.087828 0.033143 -0.838762
13.766700 -21.250322 -18.486213 -0.978168 0.540778 0.087869 0.035575 -0.835807
13.800100 -21.106820 -18.569032 -0.896653 0.545217 0.087789 0.037975 -0.832820
13.833400 -20.963079 -18.649582 -0.808949 0.549636 0.087590 0.040324 -0.829821
13.866700 -20.818688 -18.728110 -0.715780 0.554047 0.087272 0.042627 -0.826800
13.900100 -20.673224 -18.804832 -0.617864 0.558463 0.086833 0.044886 -0.823750
13.933400 -20.527572 -18.879279 -0.516859 0.562858 0.086280 0.047084 -0.820688
13.966700 -20.381317 -18.951679 -0.413582 0.567245 0.085611 0.049225 -0.817607
14.000100 -20.234032 -19.022231 -0.308848 0.571635 0.084824 0.051311 -0.814497
14.033400 -20.086616 -19.090505 -0.204429 0.576001 0.083927 0.053325 -0.811379
14.066700 -19.938641 -19.156704 -0.101154 0.580358 0.082919 0.055273 -0.808241
14.100100 -19.789679 -19.221013 0.000146 0.584717 0.081798 0.057155 -0.805077
14.133400 -19.640641 -19.283043 0.097757 0.589051 0.080571 0.058956 -0.801905
14.166700 -19.490991 -19.343113 0.190914 0.593373 0.079239 0.060683 -0.798716
14.200100 -19.340499 -19.401124 0.278864 0.597695 0.077799 0.062333 -0.795502
14.233400 -19.189981 -19.456850 0.360112 0.601990 0.076263 0.063894 -0.792281
14.266700 -19.039006 -19.510464 0.434043 0.606272 0.074629 0.065371 -0.789045
14.300100 -18.887133 -19.562111 0.500033 0.610551 0.072894 0.066763 -0.785784
14.333400 -18.735282 -19.611461 0.556968 0.614803 0.071069 0.068060 -0.782518
14.366700 -18.583031 -19.658699 0.604430 0.619039 0.069156 0.069266 -0.779237
14.400100 -18.429928 -19.703933 0.642001 0.623270 0.067149 0.070378 -0.775934
14.433400 -18.276907 -19.746889 0.669044 0.627471 0.065065 0.071390 -0.772625
14.466700 -18.123529 -19.787702 0.685393 0.631654 0.062900 0.072303 -0.769304
14.500100 -17.969347 -19.826479 0.690866 0.635832 0.060650 0.073117 -0.765959
14.533400 -17.815302 -19.862984 0.685374 0.639978 0.058334 0.073826 -0.762611
14.566700 -17.660948 -19.897332 0.669007 0.644103 0.055947 0.074432 -0.759250
14.600100 -17.505840 -19.929613 0.641849 0.648220 0.053486 0.074933 -0.755867
14.633400 -17.350921 -19.959631 0.604358 0.652304 0.050970 0.075326 -0.752481
14.666700 -17.195747 -19.987483 0.556879 0.656366 0.048393 0.075609 -0.749083
14.700100 -17.039865 -20.013236 0.499746 0.660418 0.045756 0.075786 -0.745661
14.733400 -16.884226 -20.036736 0.433927 0.664435 0.043074 0.075853 -0.742238
14.766800 -16.727912 -20.058120 0.359751 0.668441 0.040338 0.075810 -0.738791
14.800100 -16.571878 -20.077259 0.278471 0.672410 0.037567 0.075657 -0.735343
14.833400 -16.415672 -20.094215 0.190767 0.676356 0.034755 0.075391 -0.731882
14.866800 -16.258842 -20.109033 0.097311 0.680288 0.031901 0.075015 -0.728397
14.900100 -16.102343 -20.121619 -0.000316 0.684184 0.029027 0.074529 -0.724911
14.933400 -15.945725 -20.132020 -0.101318 0.688054 0.026124 0.073930 -0.721411
14.966800 -15.788532 -20.140253 -0.204905 0.691909 0.023192 0.073221 -0.717888
15.000100 -15.631724 -20.146275 -0.309323 0.695726 0.020252 0.072405 -0.714362
15.033400 -15.474847 -20.150104 -0.413737 0.699517 0.017298 0.071477 -0.710822
15.066800 -15.317496 -20.151706 -0.517309 0.703291 0.014328 0.070440 -0.707258
15.100100 -15.160536 -20.151157 -0.618296 0.707028 0.011361 0.069298 -0.703691
15.133400 -15.003557 -20.148418 -0.715901 0.710738 0.008392 0.068048 -0.700108
15.166800 -14.846108 -20.143472 -0.809329 0.714430 0.005422 0.066691 -0.696501
15.200100 -14.689148 -20.136352 -0.896998 0.718083 0.002468 0.065236 -0.692889
15.233400 -14.532279 -20.127012 -0.978237 0.721708 -0.000471 0.063678 -0.689262
15.266800 -14.374936 -20.115482 -1.052369 0.725316 -0.003402 0.062017 -0.685609
15.300100 -14.218134 -20.101797 -1.118139 0.728885 -0.006304 0.060261 -0.681949
15.333400 -14.061417 -20.085930 -1.175062 0.732427 -0.009181 0.058409 -0.678273
15.366800 -13.904334 -20.067824 -1.222641 0.735951 -0.012034 0.056460 -0.674569
15.400100 -13.747842 -20.047588 -1.260074 0.739436 -0.014846 0.054425 -0.670859
15.433400 -13.591489 -20.025174 -1.287107 0.742893 -0.017622 0.052300 -0.667131
15.466800 -13.434820 -20.000512 -1.303477 0.746332 -0.020361 0.050085 -0.663374
15.500100 -13.278792 -19.973747 -1.308907 0.749734 -0.023047 0.047793 -0.659609
15.533400 -13.122961 -19.944807 -1.303403 0.753108 -0.025684 0.045420 -0.655825
15.566800 -12.966861 -19.913612 -1.286960 0.756464 -0.028275 0.042964 -0.652010
15.600100 -12.811452 -19.880343 -1.259856 0.759782 -0.030800 0.040442 -0.648187
15.633400 -12.656291 -19.844911 -1.222354 0.763074 -0.033267 0.037849 -0.644343
15.666800 -12.500915 -19.807214 -1.174708 0.766349 -0.035675 0.035182 -0.640468
15.700100 -12.346278 -19.767476 -1.117723 0.769587 -0.038010 0.032459 -0.636582
15.733400 -12.191932 -19.725588 -1.051895 0.772800 -0.040274 0.029677 -0.632675
15.766800 -12.037431 -19.681426 -0.977710 0.775996 -0.042471 0.026830 -0.628734
15.800100 -11.883719 -19.635259 -0.896423 0.779156 -0.044586 0.023941 -0.624783
15.833400 -11.730347 -19.586958 -0.808712 0.782292 -0.046621 0.021003 -0.620810
15.866800 -11.576875 -19.536375 -0.715249 0.785412 -0.048580 0.018012 -0.616801
15.900100 -11.424239 -19.483820 -0.617616 0.788497 -0.050448 0.014992 -0.612783
15.933400 -11.271994 -19.429147 -0.516608 0.791559 -0.052230 0.011935 -0.608739
15.966800 -11.119702 -19.372193 -0.413017 0.794606 -0.053928 0.008837 -0.604661
16.000100 -10.968292 -19.313304 -0.308595 0.797621 -0.055530 0.005722 -0.600570
16.033400 -10.817324 -19.252316 -0.204178 0.800613 -0.057038 0.002584 -0.596455
16.066800 -10.666362 -19.189049 -0.100599 0.803591 -0.058456 -0.000581 -0.592304
16.100100 -10.516328 -19.123884 0.000390 0.806538 -0.059773 -0.003751 -0.588141
16.133400 -10.366785 -19.056644 0.097996 0.809463 -0.060993 -0.006930 -0.583954
16.166800 -10.217303 -18.987124 0.191425 0.812375 -0.062116 -0.010124 -0.579729
16.200100 -10.068793 -18.915747 0.279097 0.815258 -0.063134 -0.013308 -0.575493
16.233400 -9.920823 -18.842319 0.360340 0.818120 -0.064052 -0.016488 -0.571232
16.266800 -9.772969 -18.766613 0.434475 0.820970 -0.064868 -0.019668 -0.566933
16.300100 -9.626200 -18.689084 0.500253 0.823792 -0.065579 -0.022825 -0.562624
16.333400 -9.479951 -18.609541 0.557180 0.826594 -0.066186 -0.025965 -0.558289
16.366800 -9.333870 -18.527731 0.604764 0.829386 -0.066691 -0.029092 -0.553918
16.400100 -9.188848 -18.444150 0.642202 0.832150 -0.067089 -0.032182 -0.549535
16.433400 -9.044463 -18.358568 0.669241 0.834896 -0.067383 -0.035241 -0.545129
16.466800 -8.900299 -18.270728 0.685617 0.837632 -0.067572 -0.038273 -0.540686
16.500100 -8.757236 -18.181165 0.691052 0.840342 -0.067657 -0.041256 -0.536233
16.533400 -8.614856 -18.089629 0.685554 0.843034 -0.067637 -0.044194 -0.531757
16.566800 -8.472752 -17.995847 0.669117 0.845717 -0.067514 -0.047092 -0.527246
16.600100 -8.331789 -17.900391 0.642019 0.848374 -0.067288 -0.049928 -0.522725
16.633400 -8.191556 -17.802993 0.604523 0.851014 -0.066961 -0.052707 -0.518183
16.666800 -8.051761 -17.703363 0.556885 0.853645 -0.066529 -0.055432 -0.513605
16.700100 -7.913039 -17.602108 0.499906 0.856252 -0.066001 -0.058083 -0.509021
16.733400 -7.775094 -17.498945 0.434084 0.858842 -0.065375 -0.060668 -0.504417
16.766800 -7.637529 -17.393564 0.359904 0.861423 -0.064649 -0.063185 -0.499778
16.800100 -7.501183 -17.286611 0.278621 0.863980 -0.063830 -0.065618 -0.495135
16.833400 -7.365660 -17.177781 0.190913 0.866521 -0.062918 -0.067973 -0.490472
16.866800 -7.230569 -17.066753 0.097453 0.869052 -0.061910 -0.070249 -0.485778
16.900100 -7.096732 -16.954208 -0.000178 0.871560 -0.060816 -0.072430 -0.481081
16.933400 -6.963764 -16.839820 -0.101188 0.874051 -0.059634 -0.074523 -0.476366
16.966800 -6.831280 -16.723255 -0.204781 0.876534 -0.058362 -0.076526 -0.471621
17.000100 -6.700086 -16.605227 -0.309206 0.878991 -0.057011 -0.078427 -0.466876
17.033400 -6.569807 -16.485390 -0.413630 0.881433 -0.055580 -0.080230 -0.462115
17.066700 -6.440448 -16.363769 -0.516907 0.883858 -0.054071 -0.081931 -0.457340
17.100100 -6.311641 -16.240004 -0.618205 0.886272 -0.052480 -0.083529 -0.452537
17.133400 -6.184173 -16.114846 -0.715814 0.888663 -0.050822 -0.085016 -0.447737
17.166700 -6.057670 -15.987941 -0.808972 0.891036 -0.049095 -0.086393 -0.442924
17.200100 -5.931773 -15.858912 -0.896915 0.893398 -0.047294 -0.087661 -0.438086
17.233400 -5.807244 -15.728552 -0.978157 0.895735 -0.045436 -0.088812 -0.433252
17.266700 -5.683724 -15.596487 -1.052080 0.898054 -0.043517 -0.089848 -0.428407
17.300100 -5.560856 -15.462328 -1.118061 0.900361 -0.041535 -0.090768 -0.423540
17.333400 -5.439389 -15.326895 -1.174985 0.902642 -0.039505 -0.091566 -0.418678
17.366700 -5.318939 -15.189774 -1.222441 0.904905 -0.037425 -0.092245 -0.413808
17.400100 -5.199224 -15.050613 -1.260002 0.907154 -0.035291 -0.092803 -0.408917
17.433400 -5.080942 -14.910237 -1.287036 0.909377 -0.033120 -0.093236 -0.404034
17.466700 -4.963746 -14.768245 -1.303375 0.911579 -0.030908 -0.093546 -0.399146
17.500100 -4.847303 -14.624222 -1.308840 0.913767 -0.028655 -0.093732 -0.394237
17.533400 -4.732316 -14.479047 -1.303337 0.915927 -0.026375 -0.093793 -0.389338
17.566700 -4.618462 -14.332297 -1.286960 0.918066 -0.024066 -0.093728 -0.384435
17.600100 -4.505405 -14.183551 -1.259793 0.920189 -0.021725 -0.093537 -0.379515
17.633400 -4.393838 -14.033714 -1.222293 0.922283 -0.019370 -0.093221 -0.374605
17.666700 -4.283431 -13.882358 -1.174805 0.924354 -0.016998 -0.092779 -0.369694
17.700100 -4.173872 -13.729038 -1.117665 0.926407 -0.014605 -0.092211 -0.364766
17.733400 -4.065824 -13.574694 -1.051840 0.928430 -0.012209 -0.091519 -0.359851
17.766700 -3.958972 -13.418875 -0.977887 0.930429 -0.009807 -0.090702 -0.354934
17.800100 -3.853017 -13.261133 -0.896369 0.932409 -0.007397 -0.089762 -0.350002
17.833400 -3.748598 -13.102432 -0.808662 0.934357 -0.004996 -0.088701 -0.345085
17.866700 -3.645413 -12.942308 -0.715487 0.936280 -0.002600 -0.087518 -0.340167
17.900100 -3.543168 -12.780300 -0.617569 0.938182 -0.000208 -0.086214 -0.335234
17.933400 -3.442480 -12.617397 -0.516563 0.940051 0.002164 -0.084795 -0.330317
17.966700 -3.343054 -12.453128 -0.413283 0.941894 0.004520 -0.083257 -0.325399
18.000100 -3.244621 -12.287011 -0.308550 0.943713 0.006860 -0.081602 -0.320467
18.033400 -3.147665 -12.120001 -0.204142 0.945499 0.009166 -0.079841 -0.315551
18.066700 -3.052116 -11.951735 -0.100866 0.947257 0.011448 -0.077966 -0.310635
18.100100 -2.957582 -11.781676 0.000433 0.948990 0.013702 -0.075980 -0.305706
18.133400 -2.864657 -11.610849 0.098044 0.950689 0.015914 -0.073893 -0.300792
18.166700 -2.773050 -11.438774 0.191206 0.952358 0.018086 -0.071705 -0.295880
18.200100 -2.682518 -11.264938 0.279155 0.954002 0.020222 -0.069409 -0.290953
18.233400 -2.593602 -11.090408 0.360404 0.955610 0.022305 -0.067022 -0.286041
18.266700 -2.506059 -10.914674 0.434333 0.957188 0.024341 -0.064538 -0.281129
18.300100 -2.419610 -10.737239 0.500322 0.958739 0.026327 -0.061959 -0.276203
18.333400 -2.334811 -10.559169 0.557250 0.960253 0.028253 -0.059299 -0.271292
18.366700 -2.251399 -10.379959 0.604708 0.961736 0.030120 -0.056554 -0.266380
18.400100 -2.169133 -10.199091 0.642273 0.963191 0.031930 -0.053722 -0.261453
18.433400 -2.088523 -10.017662 0.669311 0.964609 0.033670 -0.050822 -0.256541
18.466700 -2.009330 -9.835152 0.685653 0.965995 0.035344 -0.047846 -0.251626
18.500100 -1.931323 -9.651033 0.691121 0.967352 0.036951 -0.044794 -0.246696
18.533400 -1.854982 -9.466424 0.685622 0.968672 0.038482 -0.041686 -0.241778
18.566700 -1.780085 -9.280794 0.669249 0.969959 0.039938 -0.038516 -0.236858
18.600100 -1.706411 -9.093607 0.642085 0.971216 0.041321 -0.035281 -0.231921
18.633400 -1.634417 -8.905999 0.604587 0.972436 0.042620 -0.032003 -0.226995
18.666700 -1.563888 -8.717433 0.557102 0.973623 0.043839 -0.028675 -0.222066
18.700100 -1.494624 -8.527360 0.499964 0.974780 0.044979 -0.025296 -0.217118
18.733400 -1.427046 -8.336939 0.434137 0.975901 0.046029 -0.021888 -0.212180
18.766700 -1.360957 -8.145622 0.360186 0.976987 0.046995 -0.018444 -0.207237
18.800100 -1.296168 -7.952852 0.278665 0.978044 0.047875 -0.014961 -0.202274
18.833400 -1.233076 -7.759805 0.190953 0.979064 0.048663 -0.011463 -0.197320
18.866700 -1.171492 -7.565926 0.097778 0.980050 0.049362 -0.007944 -0.192359
18.900100 -1.111244 -7.370649 -0.000142 0.981006 0.049972 -0.004399 -0.187377
18.933400 -1.052696 -7.175168 -0.101148 0.981927 0.050488 -0.000854 -0.182402
18.966700 -0.995679 -6.978917 -0.204425 0.982814 0.050912 0.002696 -0.177419
19.000100 -0.940028 -6.781328 -0.309157 0.983671 0.051244 0.006259 -0.172413
19.033400 -0.886086 -6.583604 -0.413572 0.984493 0.051481 0.009806 -0.167414
19.066700 -0.833691 -6.385175 -0.516842 0.985282 0.051626 0.013346 -0.162405
19.100100 -0.782699 -6.185465 -0.618136 0.986042 0.051678 0.016883 -0.157371
19.133400 -0.733415 -5.985693 -0.715741 0.986767 0.051636 0.020390 -0.152344
19.166700 -0.685693 -5.785284 -0.808896 0.987461 0.051502 0.023875 -0.147305
19.200100 -0.639402 -5.583653 -0.896839 0.988125 0.051274 0.027342 -0.142241
19.233400 -0.594820 -5.382032 -0.978079 0.988756 0.050955 0.030767 -0.137182
19.266700 -0.551820 -5.179838 -1.052003 0.989356 0.050546 0.034154 -0.132111
19.300000 -0.510402 -4.977094 -1.117802 0.989926 0.050046 0.037499 -0.127029
19.333400 -0.470451 -4.773211 -1.174912 0.990467 0.049455 0.040808 -0.121920
19.366700 -0.432213 -4.569433 -1.222369 0.990976 0.048778 0.044056 -0.116814
19.400000 -0.395569 -4.365172 -1.259836 0.991456 0.048015 0.047249 -0.111697
19.433400 -0.360421 -4.159835 -1.286971 0.991909 0.047164 0.050392 -0.106552
19.466700 -0.326991 -3.954677 -1.303326 0.992331 0.046232 0.053459 -0.101410
19.500000 -0.295162 -3.749100 -1.308794 0.992725 0.045218 0.056460 -0.096256
19.533400 -0.264854 -3.542510 -1.303295 0.993091 0.044121 0.059397 -0.091075
19.566700 -0.236252 -3.336168 -1.286922 0.993429 0.042950 0.062249 -0.085897
19.600000 -0.209272 -3.129476 -1.259854 0.993740 0.041703 0.065023 -0.080707
19.633400 -0.183830 -2.921839 -1.222261 0.994025 0.040379 0.067718 -0.075489
19.666700 -0.160089 -2.714521 -1.174777 0.994282 0.038987 0.070319 -0.070274
19.700000 -0.137976 -2.506921 -1.117825 0.994513 0.037527 0.072829 -0.065049
19.733400 -0.117427 -2.298441 -1.051818 0.994719 0.035996 0.075251 -0.059796
19.766700 -0.098572 -2.090350 -0.977872 0.994899 0.034407 0.077568 -0.054547
19.800000 -0.081353 -1.882046 -0.896609 0.995054 0.032757 0.079785 -0.049288
19.833400 -0.065740 -1.673003 -0.808647 0.995184 0.031046 0.081903 -0.044003
19.866700 -0.051791 -1.464347 -0.715473 0.995290 0.029284 0.083908 -0.038723
19.900000 -0.039478 -1.255548 -0.617852 0.995372 0.027470 0.085805 -0.033434
19.933400 -0.028769 -1.046002 -0.516546 0.995430 0.025602 0.087593 -0.028120
19.966700 -0.019741 -0.836984 -0.413264 0.995465 0.023695 0.089263 -0.022812
