0.433333 -0.043275 2.084405 0.705102 0.993678 0.049508 0.075709 0.066484
0.466667 -0.039072 2.288362 0.724748 0.993178 0.046407 0.077391 0.073849
0.500000 -0.003786 2.489639 0.735778 0.991154 0.050120 0.088028 0.085753
0.533333 0.028136 2.694685 0.734948 0.989268 0.059282 0.094358 0.094507
0.566667 0.081169 2.890194 0.732064 0.986959 0.058665 0.115216 0.095896
0.600000 0.079083 3.095076 0.709682 0.986151 0.063022 0.112941 0.103817
0.633333 0.109798 3.299285 0.678199 0.985054 0.070823 0.124133 0.096148
0.666667 0.226193 3.496307 0.649851 0.978355 0.084837 0.169115 0.083816
0.700000 0.242203 3.698437 0.601303 0.975611 0.089798 0.175420 0.096685
0.733334 0.259568 3.899774 0.543403 0.974148 0.092547 0.173764 0.110800
0.766667 0.262605 4.100461 0.476720 0.972775 0.099501 0.175042 0.114752
0.800000 0.293717 4.298601 0.404090 0.971681 0.095881 0.185700 0.110267
0.833334 0.393469 4.494586 0.339078 0.965662 0.101228 0.209020 0.116447
0.866667 0.427405 4.689703 0.256935 0.965239 0.096428 0.213621 0.115677
0.900000 0.439264 4.884805 0.168988 0.964734 0.094299 0.214619 0.119726
0.933334 0.452149 5.078127 0.077436 0.963337 0.093607 0.216303 0.128187
0.966667 0.465664 5.269519 -0.016750 0.963623 0.088344 0.215717 0.130740
1.000000 0.480301 5.458929 -0.112330 0.962470 0.086800 0.215563 0.140177
1.033330 0.496654 5.646713 -0.208387 0.959792 0.087444 0.221674 0.148370
1.066670 0.514305 5.832487 -0.304038 0.958765 0.096789 0.219752 0.152023
1.100000 0.533503 6.016181 -0.397717 0.956781 0.094436 0.221675 0.162827
1.133330 0.554846 6.197141 -0.488476 0.955590 0.100302 0.217985 0.171084
1.166670 0.578825 6.374540 -0.575823 0.954673 0.097173 0.218952 0.176681
1.200000 0.605818 6.548607 -0.658602 0.954932 0.086278 0.214046 0.186668
1.233330 0.635937 6.719675 -0.735495 0.954325 0.082910 0.213393 0.191974
1.266670 0.669327 6.887569 -0.805769 0.954333 0.081153 0.213737 0.192300
1.300000 0.706462 7.052082 -0.868549 0.953751 0.083827 0.212780 0.195083
1.333330 0.746741 7.213017 -0.922868 0.954816 0.077379 0.207181 0.198533
1.366670 0.790470 7.370476 -0.968253 0.955608 0.070527 0.204844 0.199693
1.400000 0.876809 7.520339 -1.003711 0.955243 0.076650 0.208487 0.195369
1.433330 0.945303 7.669349 -1.029300 0.956008 0.076968 0.211078 0.188600
1.466670 1.058540 7.842714 -1.086432 0.957945 0.079486 0.228128 0.154860
1.500000 1.197220 8.054627 -1.236829 0.957610 0.072950 0.237812 0.145283
1.533330 1.321870 8.233161 -1.365084 0.957404 0.071361 0.241195 0.141809
1.566670 1.439906 8.427370 -1.493366 0.955870 0.067657 0.244115 0.148806
1.600000 1.540921 8.585546 -1.486735 0.955806 0.072220 0.246329 0.143320
1.633330 1.643432 8.735374 -1.460314 0.957269 0.072416 0.241465 0.141725
1.666670 1.699447 8.894417 -1.449495 0.957248 0.059985 0.244657 0.142200
1.700000 1.758671 9.055499 -1.441492 0.958400 0.056630 0.239302 0.144901
1.733330 1.870803 9.202687 -1.388881 0.960362 0.054940 0.234425 0.140467
1.766670 1.980763 9.367404 -1.374009 0.959144 0.061414 0.234386 0.146062
1.800000 2.100338 9.511036 -1.306778 0.958931 0.064241 0.233478 0.147694
1.833330 2.204757 9.655446 -1.235828 0.960252 0.066662 0.228317 0.146096
1.866670 2.319229 9.806257 -1.175018 0.958756 0.067396 0.226530 0.157890
1.900000 2.431749 9.960390 -1.108737 0.958236 0.072815 0.224749 0.161150
1.933330 2.563323 10.096318 -1.021530 0.957064 0.067857 0.225871 0.168542
1.966670 2.685040 10.240579 -0.936821 0.957230 0.068320 0.223001 0.171213
2.000000 2.775165 10.400008 -0.828639 0.957003 0.069453 0.218929 0.177176
2.033330 2.912473 10.530155 -0.736506 0.956225 0.067653 0.219555 0.181253
2.066670 3.052733 10.657390 -0.645350 0.954079 0.069958 0.221031 0.189697
2.100000 3.193673 10.782167 -0.556564 0.954851 0.067634 0.216479 0.191889
2.133330 3.334875 10.905225 -0.471354 0.955927 0.071838 0.211705 0.190323
2.166670 3.433389 11.048706 -0.351273 0.955509 0.075849 0.208226 0.194659
2.200000 3.575721 11.168169 -0.274684 0.953728 0.071901 0.211782 0.200951
2.233330 3.717898 11.285614 -0.204575 0.953839 0.068961 0.206853 0.206512
2.266670 3.862283 11.400755 -0.141585 0.951748 0.071335 0.210776 0.211333
2.300000 3.995811 11.525273 -0.048666 0.953565 0.068825 0.206968 0.207704
2.333330 4.113997 11.650758 0.020427 0.953152 0.071102 0.205224 0.210544
2.366670 4.248137 11.766065 0.069638 0.953350 0.067932 0.200516 0.215180
2.400000 4.314817 11.906241 0.106098 0.951374 0.066830 0.202163 0.222602
2.433330 4.451877 12.017823 0.126765 0.952687 0.073476 0.195986 0.220406
2.466670 4.567059 12.134412 0.147187 0.954438 0.070377 0.188994 0.219948
2.500000 4.670296 12.252549 0.164046 0.954373 0.075816 0.187858 0.219396
2.533330 4.755489 12.372742 0.177802 0.953258 0.082245 0.189205 0.220765
2.566670 4.856333 12.495895 0.159787 0.954913 0.076443 0.183688 0.220353
2.600000 4.980471 12.604640 0.132795 0.954160 0.083865 0.178482 0.225144
2.633330 5.084559 12.708576 0.109343 0.954012 0.091148 0.174136 0.226339
2.666670 5.135227 12.849260 0.068866 0.952168 0.102766 0.171060 0.231417
2.700000 5.259437 12.953328 0.013253 0.951665 0.099113 0.166120 0.238570
2.733330 5.382951 13.056340 -0.050498 0.952210 0.102427 0.154765 0.242595
2.766670 5.462821 13.181767 -0.118761 0.952476 0.108095 0.150788 0.241593
2.800000 5.584513 13.281954 -0.196611 0.954953 0.106207 0.141392 0.238312
2.833330 5.663103 13.411212 -0.276252 0.955022 0.103982 0.133514 0.243504
2.866670 5.785663 13.507252 -0.364997 0.955772 0.109428 0.129672 0.240231
2.900000 5.805787 13.690179 -0.446774 0.955577 0.102198 0.128809 0.244615
2.933330 5.906743 13.802307 -0.540126 0.955032 0.101075 0.125915 0.248683
2.966670 5.967445 13.949354 -0.631026 0.955390 0.093181 0.123289 0.251689
3.000000 6.077136 14.051121 -0.728214 0.953785 0.093784 0.120991 0.258571
3.033330 6.162354 14.168391 -0.816677 0.955659 0.090714 0.114585 0.255652
3.066670 6.287082 14.254784 -0.914381 0.952305 0.098006 0.112184 0.266319
3.100000 6.400192 14.348995 -1.007880 0.952547 0.100640 0.108611 0.265951
3.133330 6.530555 14.427006 -1.100007 0.952817 0.106169 0.102868 0.265114
3.166670 6.657603 14.505924 -1.186060 0.951667 0.100262 0.103579 0.271199
3.200000 6.795486 14.575523 -1.269404 0.950934 0.099897 0.101505 0.274666
3.233330 6.937877 14.639913 -1.346881 0.948871 0.105884 0.103499 0.278784
3.266660 7.084883 14.699150 -1.417890 0.947382 0.113100 0.106382 0.279927
3.300000 7.235699 14.751901 -1.479239 0.947206 0.114101 0.103256 0.281283
3.333330 7.392935 14.800521 -1.535241 0.948471 0.123267 0.097544 0.275126
3.366660 7.553931 14.844202 -1.580419 0.950032 0.116247 0.093128 0.274323
3.400000 7.721084 14.882215 -1.616448 0.950292 0.125086 0.090125 0.270512
3.433330 7.893743 14.914379 -1.643534 0.950060 0.129243 0.084049 0.271327
3.466660 8.062108 14.960668 -1.655235 0.950702 0.129208 0.084164 0.269047
3.500000 8.246934 14.981114 -1.665352 0.952403 0.126934 0.075554 0.266662
3.533330 8.438070 14.995184 -1.665529 0.951506 0.134805 0.073951 0.266451
3.566660 8.608378 15.070713 -1.637095 0.951311 0.133340 0.076648 0.267121
3.600000 8.809806 15.077006 -1.616549 0.950722 0.135750 0.071048 0.269541
3.633330 9.016891 15.076384 -1.586883 0.948034 0.138002 0.067968 0.278511
3.666660 9.227110 15.074220 -1.545119 0.947919 0.144851 0.065465 0.276013
3.700000 9.442599 15.068842 -1.495140 0.946136 0.149581 0.064084 0.279903
3.733330 9.666047 15.050745 -1.440132 0.944344 0.154200 0.060325 0.284248
3.766660 9.895013 15.026990 -1.378042 0.944111 0.156766 0.058054 0.284093
3.800000 10.127766 15.002482 -1.306550 0.944800 0.159903 0.057591 0.280120
3.833330 10.364381 14.973194 -1.229452 0.944386 0.163118 0.048720 0.281345
3.866660 10.605336 14.937777 -1.147139 0.940854 0.170679 0.041903 0.289666
3.900000 10.850763 14.895267 -1.060954 0.939649 0.176019 0.046988 0.289603
3.933330 11.099488 14.851169 -0.972042 0.939278 0.177285 0.040516 0.291006
3.966660 11.353356 14.794143 -0.884785 0.938863 0.182938 0.037636 0.289229
4.000000 11.610728 14.730922 -0.796686 0.938363 0.188122 0.031947 0.288208
4.033330 11.870244 14.662499 -0.709108 0.937049 0.194099 0.030921 0.288631
4.066660 12.131375 14.589602 -0.622756 0.937182 0.198863 0.028532 0.285184
4.100000 12.393763 14.512402 -0.538913 0.934220 0.198377 0.024073 0.295465
4.133330 12.656644 14.433988 -0.457653 0.933209 0.201283 0.029928 0.296161
4.166660 12.920693 14.348330 -0.381768 0.930995 0.207843 0.025811 0.298970
4.200000 13.185035 14.262077 -0.310520 0.927294 0.212355 0.023024 0.307412
4.233330 13.448781 14.183172 -0.242183 0.926749 0.217603 0.017875 0.305721
4.266660 13.712513 14.096852 -0.180981 0.924967 0.224865 0.007845 0.306286
4.300000 13.976356 14.007404 -0.127506 0.922803 0.233198 0.006749 0.306606
4.333330 14.239076 13.915349 -0.082633 0.921448 0.239711 0.004959 0.305692
4.366660 14.500957 13.821056 -0.046495 0.920290 0.244602 0.005422 0.305298
4.400000 14.762432 13.724905 -0.020559 0.918245 0.249649 0.004434 0.307379
4.433330 15.023841 13.622200 -0.007791 0.918321 0.251386 0.002327 0.305756
4.466660 15.283805 13.517274 -0.005086 0.916140 0.261611 0.003244 0.303704
4.500000 15.542529 13.410652 -0.012431 0.913565 0.273499 -0.000202 0.300994
4.533330 15.800035 13.301597 -0.029857 0.910287 0.274597 -0.000287 0.309798
4.566660 16.056374 13.190949 -0.057862 0.906742 0.286687 -0.001194 0.309239
4.600000 16.312035 13.078612 -0.096978 0.903185 0.291336 -0.004794 0.315211
4.633330 16.565272 12.966556 -0.143092 0.901775 0.296545 -0.004964 0.314384
4.666660 16.819253 12.850970 -0.201829 0.899086 0.299174 -0.007550 0.319504
4.700000 17.071970 12.732333 -0.269966 0.895958 0.307595 -0.007887 0.320285
4.733330 17.323920 12.611155 -0.347123 0.892969 0.308779 -0.004911 0.327470
4.766660 17.575061 12.487724 -0.432564 0.892627 0.307387 -0.008692 0.329629
4.800000 17.824203 12.361680 -0.521838 0.892643 0.307029 -0.012598 0.329794
4.833330 18.075353 12.230976 -0.620504 0.890181 0.309513 -0.008215 0.334233
4.866660 18.327386 12.096872 -0.725319 0.886029 0.317196 -0.005196 0.338101
4.900000 18.580446 11.958360 -0.835355 0.883798 0.318103 -0.004083 0.343068
4.933330 18.835021 11.815313 -0.949660 0.880989 0.321294 -0.004935 0.347281
4.966660 19.086230 11.657664 -1.063853 0.878051 0.324686 -0.002597 0.351566
5.000000 19.344101 11.502917 -1.183900 0.871301 0.330623 -0.002736 0.362652
5.033330 19.605215 11.341415 -1.305032 0.865513 0.337448 0.002451 0.370148
5.066660 19.869362 11.172653 -1.426463 0.862898 0.340353 0.004123 0.373564
5.100000 20.128129 10.977473 -1.543795 0.860866 0.342307 -0.005488 0.376438
5.133330 20.380038 10.757522 -1.654135 0.859272 0.343547 -0.002360 0.378974
5.166660 20.655751 10.561408 -1.771720 0.856548 0.345044 0.001834 0.383752
5.200000 20.937431 10.357039 -1.887176 0.852502 0.347765 0.003473 0.390240
5.233330 21.224657 10.142869 -1.999384 0.854610 0.348360 0.007172 0.385012
5.266660 21.517629 9.918653 -2.106880 0.849372 0.352332 0.009968 0.392848
5.300000 21.816570 9.682865 -2.209394 0.848877 0.352662 0.015523 0.393442
5.333330 22.121504 9.435950 -2.306553 0.849266 0.349353 0.017378 0.395472
5.366660 22.434141 9.179600 -2.397678 0.846425 0.352024 0.026074 0.398703
5.400000 22.754470 8.912983 -2.481592 0.841087 0.360205 0.031868 0.402256
5.433330 23.082046 8.635477 -2.558676 0.838133 0.363944 0.033283 0.404933
5.466660 23.414488 8.342972 -2.628394 0.838942 0.363317 0.037152 0.403482
5.500000 23.756944 8.042770 -2.692350 0.837272 0.359968 0.034885 0.410099
5.533330 24.059282 7.670936 -2.735254 0.833400 0.359870 0.041482 0.417394
5.566660 24.403646 7.330349 -2.782240 0.830992 0.354449 0.043578 0.426519
5.600000 24.755537 6.978191 -2.822535 0.826835 0.362214 0.040172 0.428405
5.633330 25.128079 6.628888 -2.860477 0.826847 0.363162 0.049035 0.426653
5.666660 25.508134 6.268780 -2.892512 0.823181 0.363462 0.055681 0.432628
5.700000 25.895806 5.897909 -2.918845 0.819613 0.365851 0.056162 0.437302
5.733330 26.280265 5.506949 -2.938043 0.817031 0.364013 0.052276 0.444098
5.766660 26.681272 5.115250 -2.954882 0.814088 0.366881 0.048397 0.447567
5.800000 27.088731 4.712878 -2.967769 0.811560 0.368234 0.049892 0.450872
5.833330 27.502872 4.301164 -2.977500 0.805360 0.372447 0.046357 0.458835
5.866660 27.922223 3.880138 -2.985090 0.799677 0.378881 0.044146 0.463700
5.900000 28.346922 3.449489 -2.991529 0.802007 0.374177 0.045536 0.463360
5.933330 28.775990 3.010367 -2.997186 0.799691 0.377403 0.050628 0.464218
5.966660 29.192753 2.547454 -3.001421 0.794895 0.380631 0.046805 0.470181
6.000000 29.629413 2.091038 -3.009278 0.792332 0.383125 0.052292 0.471902
6.033330 30.069025 1.627574 -3.019370 0.788447 0.384403 0.056762 0.476827
6.066660 30.511063 1.157765 -3.032994 0.786462 0.383452 0.055312 0.481022
6.100000 30.931760 0.659153 -3.049620 0.784249 0.391892 0.051087 0.478293
6.133330 31.362852 0.161848 -3.072614 0.785297 0.391164 0.056152 0.476598
6.166660 31.781793 -0.353181 -3.101384 0.781877 0.390470 0.047606 0.483668
6.200000 32.225641 -0.851871 -3.138243 0.784738 0.384252 0.055302 0.483197
6.233330 32.643811 -1.378845 -3.181564 0.783862 0.377534 0.060544 0.489247
6.266660 33.087561 -1.887191 -3.234136 0.777802 0.379147 0.060752 0.497575
6.300000 33.505737 -2.422644 -3.294600 0.775569 0.380055 0.061728 0.500240
6.333330 33.951642 -2.935776 -3.366160 0.774561 0.378742 0.063899 0.502520
6.366660 34.366844 -3.478151 -3.446394 0.769609 0.380799 0.067921 0.508017
6.400000 34.809353 -3.998091 -3.538433 0.772342 0.373158 0.068852 0.509412
6.433330 35.224744 -4.543251 -3.640009 0.772678 0.372659 0.066725 0.509551
6.466660 35.665832 -5.067546 -3.753672 0.768495 0.370186 0.066516 0.517642
6.500000 36.105330 -5.594620 -3.878771 0.768709 0.371274 0.070407 0.516028
6.533330 36.544468 -6.122655 -4.014531 0.769860 0.371272 0.064717 0.515058
6.566660 36.950392 -6.680683 -4.159097 0.766225 0.373685 0.062092 0.519041
6.600000 37.384948 -7.214967 -4.316339 0.765514 0.373253 0.066271 0.519884
6.633330 37.821145 -7.748803 -4.484373 0.766418 0.376511 0.060534 0.516894
6.666660 38.256990 -8.284873 -4.662803 0.764197 0.374248 0.064313 0.521349
6.700000 38.692885 -8.823772 -4.851709 0.762328 0.372971 0.069397 0.524341
6.733330 39.128916 -9.365228 -5.050640 0.760635 0.376613 0.073874 0.523583
6.766660 39.552451 -9.921644 -5.256960 0.760707 0.373745 0.078751 0.524822
6.799990 39.982573 -10.477294 -5.469429 0.761541 0.370334 0.077273 0.526247
6.833330 40.414302 -11.036873 -5.691627 0.760911 0.368801 0.078971 0.527981
6.866660 40.845601 -11.602535 -5.920997 0.757598 0.370894 0.073636 0.532035
6.899990 41.285428 -12.167575 -6.158265 0.758794 0.358211 0.071143 0.539310
6.933330 41.727510 -12.738417 -6.400898 0.755732 0.353022 0.079267 0.545859
6.966660 42.191178 -13.299754 -6.645015 0.752116 0.355301 0.081569 0.549025
6.999990 42.641817 -13.880715 -6.896252 0.751625 0.349991 0.074536 0.554085
7.033330 43.094717 -14.470394 -7.150086 0.746930 0.347911 0.082109 0.560635
7.066660 43.503716 -15.107219 -7.399719 0.742044 0.348722 0.082316 0.566559
7.099990 43.963059 -15.716053 -7.657620 0.742645 0.348173 0.088066 0.565242
7.133330 44.427649 -16.334819 -7.915928 0.736810 0.344810 0.084206 0.575435
7.166660 44.897551 -16.963511 -8.173974 0.736829 0.347350 0.086522 0.573538
7.199990 45.373591 -17.602462 -8.431055 0.735855 0.343089 0.080359 0.578229
7.233330 45.857101 -18.252929 -8.686243 0.738684 0.334312 0.086905 0.578817
7.266660 46.347928 -18.914573 -8.939131 0.739523 0.334302 0.091517 0.577037
7.299990 46.846738 -19.587777 -9.188805 0.740218 0.333360 0.095170 0.576100
7.333330 47.353597 -20.273305 -9.434770 0.739495 0.326866 0.093876 0.580942
7.366660 47.834316 -20.997240 -9.674983 0.736331 0.322911 0.089576 0.587810
7.399990 48.325657 -21.731274 -9.911586 0.735270 0.323576 0.090548 0.588624
7.433330 48.827387 -22.476727 -10.143729 0.733495 0.323778 0.092061 0.590489
7.466660 49.339636 -23.233177 -10.370901 0.728659 0.317925 0.092290 0.599552
7.499990 49.862029 -24.001613 -10.593499 0.725679 0.321084 0.092391 0.601464
7.533330 50.393366 -24.783513 -10.811106 0.727496 0.321428 0.089877 0.599463
7.566660 50.933446 -25.578218 -11.023863 0.722096 0.323603 0.087404 0.605160
7.599990 51.462135 -26.401059 -11.231777 0.723774 0.325898 0.077014 0.603333
7.633330 52.003323 -27.234719 -11.435247 0.724162 0.323492 0.079890 0.603788
7.666660 52.556308 -28.078940 -11.635096 0.724989 0.319109 0.080646 0.605026
7.699990 53.120104 -28.933886 -11.831232 0.717360 0.323783 0.081552 0.611480
7.733330 53.694045 -29.800501 -12.024771 0.718712 0.322693 0.075150 0.611290
7.766660 54.262784 -30.687970 -12.215977 0.715363 0.322706 0.071239 0.615663
7.799990 54.842536 -31.584196 -12.405373 0.712391 0.323937 0.062966 0.619353
7.833330 55.432803 -32.490014 -12.593750 0.706189 0.325130 0.058420 0.626239
7.866660 56.031993 -33.404777 -12.781987 0.702071 0.324423 0.052482 0.631737
7.899990 56.623793 -34.339136 -12.971248 0.701452 0.324004 0.054629 0.632457
7.933330 57.225148 -35.281159 -13.161748 0.701804 0.323649 0.050959 0.632555
7.966660 57.833785 -36.230306 -13.353989 0.705162 0.318350 0.051175 0.631491
7.999990 58.433843 -37.197215 -13.548539 0.705481 0.319712 0.048927 0.630624
8.033330 59.042501 -38.169456 -13.746797 0.705399 0.320999 0.044704 0.630376
8.066660 59.657229 -39.146800 -13.949675 0.705110 0.313652 0.039967 0.634701
8.099990 60.263302 -40.138820 -14.157863 0.708373 0.309971 0.045443 0.632503
8.133330 60.875759 -41.134542 -14.372312 0.703764 0.305841 0.038376 0.640081
8.166660 61.493209 -42.133688 -14.593570 0.698769 0.305388 0.042268 0.645502
8.200000 62.114824 -43.136875 -14.821756 0.698471 0.305901 0.034986 0.646017
8.233330 62.723490 -44.153038 -15.057648 0.692029 0.308492 0.032308 0.651831
8.266660 63.336012 -45.170858 -15.301977 0.689393 0.306482 0.024798 0.655889
8.300000 63.951114 -46.190878 -15.555738 0.686335 0.312395 0.022508 0.656390
8.333330 64.567373 -47.213007 -15.818840 0.682990 0.312570 0.019986 0.659868
8.366660 65.184326 -48.237370 -16.092358 0.680323 0.312897 0.009534 0.662695
8.400000 65.784039 -49.275005 -16.376286 0.672829 0.317639 0.017144 0.667917
8.433330 66.385017 -50.312924 -16.671013 0.666211 0.323505 0.012035 0.671835
8.466670 66.986643 -51.352729 -16.977141 0.661008 0.327982 0.006337 0.674875
8.500000 67.588210 -52.393690 -17.294557 0.655707 0.333943 0.007003 0.677113
8.533330 68.189485 -53.436983 -17.623041 0.652167 0.335238 0.005895 0.679896
8.566670 68.813276 -54.469159 -17.964544 0.650435 0.332283 -0.000240 0.683024
8.600000 69.462081 -55.486917 -18.317223 0.651212 0.334774 -0.004540 0.681050
8.633340 70.111654 -56.506728 -18.680294 0.643717 0.339080 -0.013285 0.685913
8.666670 70.761315 -57.528841 -19.053474 0.645116 0.343683 -0.016367 0.682232
8.700000 71.411189 -58.553495 -19.436825 0.643791 0.341304 -0.017293 0.684650
8.733340 72.061585 -59.581512 -19.830369 0.646548 0.346468 -0.022612 0.679283
8.766670 72.712432 -60.612426 -20.233045 0.648318 0.345207 -0.018752 0.678354
8.800000 73.364752 -61.646592 -20.644084 0.645445 0.344648 -0.023638 0.681219
8.833340 74.019356 -62.685070 -21.063462 0.646478 0.345819 -0.030860 0.679355
8.866670 74.676109 -63.727509 -21.490424 0.642858 0.353019 -0.035132 0.678879
8.900010 75.336083 -64.775448 -21.924326 0.640270 0.359095 -0.038831 0.677936
8.933340 75.999177 -65.829139 -22.364409 0.644017 0.362449 -0.039010 0.672570
8.966670 76.666146 -66.889886 -22.810024 0.641034 0.365177 -0.039693 0.673903
9.000010 77.337939 -67.958511 -23.261097 0.634432 0.362035 -0.046200 0.681390
9.033340 78.014698 -69.034272 -23.716451 0.632475 0.362790 -0.043963 0.682954
9.066670 78.697312 -70.118209 -24.175330 0.628882 0.369834 -0.047913 0.682228
9.100010 79.386479 -71.211774 -24.637355 0.628191 0.371077 -0.057929 0.681412
9.133340 80.082607 -72.314302 -25.101794 0.626548 0.376013 -0.060226 0.680018
9.166680 80.786854 -73.427819 -25.568135 0.620368 0.380302 -0.065367 0.682818
9.200010 81.499301 -74.552146 -26.035471 0.616051 0.377305 -0.072227 0.687682
9.233340 82.220501 -75.688565 -26.503123 0.619450 0.377422 -0.070009 0.684787
9.266680 82.950698 -76.837534 -26.970194 0.611097 0.379749 -0.079018 0.690006
9.300010 83.690511 -77.998925 -27.436319 0.610269 0.380220 -0.084984 0.689769
9.333340 84.440686 -79.172889 -27.901562 0.607740 0.387613 -0.082765 0.688156
9.366680 85.201744 -80.360373 -28.365691 0.609031 0.387244 -0.089870 0.686329
9.400010 85.973574 -81.560884 -28.828304 0.604121 0.392432 -0.097825 0.686633
9.433350 86.756822 -82.776209 -29.288975 0.596405 0.395066 -0.102492 0.691172
9.466680 87.551040 -84.005427 -29.747466 0.595571 0.400446 -0.104371 0.688509
9.500010 88.356081 -85.248954 -30.203988 0.592759 0.405106 -0.108343 0.687596
9.533350 89.172854 -86.507069 -30.658859 0.591953 0.402365 -0.102577 0.690776
9.566680 90.000851 -87.779006 -31.111055 0.583881 0.405804 -0.110970 0.694328
9.600010 90.840452 -89.065316 -31.561136 0.578893 0.409359 -0.113426 0.696019
9.633350 91.691391 -90.366132 -32.009271 0.575821 0.415190 -0.115170 0.694826
9.666680 92.552870 -91.680117 -32.455440 0.575451 0.416303 -0.114780 0.694531
9.700020 93.425691 -93.008107 -32.900917 0.571267 0.421868 -0.117899 0.694104
9.733350 94.308972 -94.348832 -33.345750 0.566399 0.428203 -0.121295 0.693629
9.766680 95.202344 -95.702102 -33.790342 0.559058 0.432112 -0.120149 0.697351
9.800020 96.105895 -97.067839 -34.235328 0.562918 0.434845 -0.116511 0.693151
9.833350 97.019013 -98.444339 -34.680695 0.557943 0.436536 -0.122136 0.695140
9.866680 97.941465 -99.831316 -35.127714 0.555039 0.438386 -0.131600 0.694573
9.900020 98.872736 -101.228791 -35.577258 0.548149 0.444064 -0.126627 0.697356
9.933350 99.811472 -102.635666 -36.029628 0.549653 0.440730 -0.127829 0.698068
9.966690 100.758226 -104.051887 -36.486054 0.544446 0.452805 -0.128222 0.694338
10.000000 101.711292 -105.475121 -36.946159 0.535696 0.455228 -0.132691 0.698706
10.033400 102.673459 -106.909575 -37.412417 0.538274 0.453845 -0.139573 0.696280
10.066700 103.638129 -108.347432 -37.883365 0.536297 0.455646 -0.146616 0.695181
10.100000 104.608217 -109.792231 -38.361056 0.537458 0.455703 -0.147151 0.694133
10.133400 105.585858 -111.247498 -38.847308 0.535154 0.463890 -0.143354 0.691279
10.166700 106.564250 -112.703399 -39.339809 0.533009 0.469148 -0.142841 0.689492
10.200000 107.545840 -114.163793 -39.840966 0.527660 0.473723 -0.147189 0.689563
10.233400 108.533270 -115.632582 -40.352696 0.522376 0.476025 -0.150245 0.691339
10.266700 109.520226 -117.101102 -40.872672 0.518869 0.478486 -0.151258 0.692060
10.300000 110.508989 -118.572750 -41.403255 0.517468 0.479661 -0.148344 0.692926
10.333400 111.502182 -120.051337 -41.945915 0.514062 0.484007 -0.149280 0.692237
10.366700 112.493799 -121.527843 -42.497557 0.505114 0.489551 -0.153020 0.694108
10.400000 113.486560 -123.006383 -43.060237 0.501907 0.486935 -0.149353 0.699055
10.433400 114.483076 -124.491301 -43.636207 0.496572 0.485942 -0.153218 0.702709
10.466700 115.477168 -125.973419 -44.222458 0.490832 0.491546 -0.153145 0.702861
10.500000 116.472115 -127.456988 -44.820560 0.483425 0.494240 -0.149817 0.706811
10.533400 117.470042 -128.946244 -45.432358 0.473676 0.500436 -0.154349 0.708076
10.566700 118.465350 -130.432213 -46.054314 0.466201 0.501631 -0.147179 0.713696
10.600000 119.461024 -131.919767 -46.687756 0.463109 0.510338 -0.142127 0.710553
10.633400 120.460319 -133.413620 -47.334848 0.458823 0.515288 -0.143016 0.709582
10.666700 121.457653 -134.905050 -47.991644 0.456653 0.515819 -0.144467 0.710301
10.700000 122.456979 -136.398464 -48.659441 0.449196 0.521274 -0.148652 0.710211
10.733400 123.461027 -137.898705 -49.339910 0.446654 0.521350 -0.155381 0.710318
10.766700 124.463758 -139.397208 -50.028358 0.447185 0.521161 -0.151035 0.711059
10.800000 125.469201 -140.899132 -50.725990 0.442249 0.518700 -0.150481 0.716046
10.833400 126.481041 -142.409333 -51.435050 0.439849 0.524702 -0.150190 0.713207
10.866700 127.493661 -143.919439 -52.150807 0.438301 0.521697 -0.155916 0.715133
10.900000 128.511173 -145.434774 -52.874856 0.432684 0.523279 -0.154224 0.717760
10.933400 129.537310 -146.960505 -53.608523 0.429127 0.525720 -0.152276 0.718526
10.966700 130.566193 -148.487785 -54.346794 0.422066 0.525895 -0.142956 0.724471
11.000000 131.602123 -150.022388 -55.091459 0.419858 0.521570 -0.139965 0.729447
11.033400 132.648849 -151.568442 -55.843734 0.419053 0.524209 -0.135919 0.728784
11.066700 133.700667 -153.117524 -56.598498 0.417874 0.522627 -0.131276 0.731443
11.100000 134.761588 -154.675041 -57.357335 0.408845 0.521743 -0.126493 0.737991
11.133400 135.835400 -156.245724 -58.122274 0.393369 0.523197 -0.123744 0.745797
11.166700 136.916374 -157.819983 -58.887855 0.383068 0.531214 -0.122212 0.745745
11.200000 138.008612 -159.403771 -59.656107 0.372961 0.534460 -0.125621 0.747979
11.233400 139.116202 -161.002057 -60.428876 0.364400 0.531399 -0.125526 0.754368
11.266700 140.233292 -162.605588 -61.200884 0.359454 0.528081 -0.130624 0.758196
11.300000 141.363604 -164.219829 -61.974127 0.362484 0.523479 -0.128683 0.760274
11.333400 142.511323 -165.850157 -62.749835 0.358081 0.523167 -0.116927 0.764462
11.366700 143.669762 -167.486449 -63.523287 0.364076 0.525765 -0.124493 0.758631
11.400000 144.842715 -169.134160 -64.296936 0.358589 0.533455 -0.121795 0.756310
11.433400 146.034067 -170.798489 -65.072529 0.351638 0.534281 -0.120435 0.759203
11.466700 147.237298 -172.469899 -65.845716 0.346141 0.539389 -0.118491 0.758423
11.500000 148.456553 -174.153180 -66.618818 0.338766 0.540111 -0.114861 0.761790
11.533400 149.695550 -175.853308 -67.394628 0.331546 0.546849 -0.113226 0.760404
11.566700 150.946425 -177.560058 -68.168652 0.324905 0.543190 -0.117363 0.765250
11.600000 152.213081 -179.279001 -68.943274 0.319346 0.545430 -0.114649 0.766407
11.633400 153.499285 -181.014517 -69.720502 0.309838 0.546833 -0.109499 0.770054
11.666700 154.797286 -182.755889 -70.495915 0.298971 0.544799 -0.106263 0.776220
11.700000 156.110508 -184.507405 -71.272297 0.295155 0.541922 -0.109484 0.779242
11.733400 157.442130 -186.274805 -72.052792 0.286887 0.536897 -0.108123 0.785969
11.766700 158.784149 -188.047095 -72.832916 0.285196 0.534106 -0.105529 0.788833
11.800000 160.140043 -189.829457 -73.615159 0.281154 0.533943 -0.099340 0.791195
11.833400 161.513233 -191.626232 -74.402440 0.274549 0.533465 -0.095096 0.794352
11.866700 162.894632 -193.426171 -75.190548 0.267809 0.534224 -0.092191 0.796482
11.900000 164.288106 -195.234008 -75.982863 0.262004 0.535647 -0.091174 0.797574
11.933400 165.697587 -197.054083 -76.782463 0.256890 0.537639 -0.089242 0.798115
11.966700 167.113602 -198.874841 -77.585470 0.252403 0.537922 -0.088367 0.799452
12.000000 168.539329 -200.701566 -78.394719 0.251242 0.536122 -0.083565 0.801541
12.033400 169.978783 -202.539120 -79.212817 0.243595 0.538713 -0.083322 0.802189
12.066700 171.422131 -204.376216 -80.036227 0.242157 0.536079 -0.078643 0.804857
12.100000 172.873427 -206.217609 -80.867288 0.235395 0.532821 -0.074944 0.809367
12.133400 174.336446 -208.068274 -81.708985 0.235129 0.528256 -0.072838 0.812622
12.166700 175.801274 -209.916787 -82.556978 0.234924 0.526351 -0.073755 0.813834
12.200000 177.271679 -211.768326 -83.414472 0.225885 0.524257 -0.071577 0.817929
12.233400 178.751490 -213.628410 -84.284888 0.213770 0.525031 -0.071478 0.820692
12.266700 180.230941 -215.485184 -85.163168 0.206542 0.517746 -0.072117 0.827091
12.300100 181.717994 -217.349414 -86.054970 0.206480 0.508093 -0.066882 0.833507
12.333400 183.203652 -219.209019 -86.955227 0.197354 0.507075 -0.059480 0.836892
12.366700 184.691888 -221.069852 -87.866548 0.193865 0.500498 -0.057244 0.841808
12.400100 186.187160 -222.937254 -88.792398 0.191139 0.500133 -0.056549 0.842695
12.433400 187.680231 -224.800044 -89.727629 0.192424 0.499362 -0.055176 0.842951
12.466700 189.174846 -226.663767 -90.675010 0.193733 0.492853 -0.055153 0.846476
12.500100 190.674941 -228.533672 -91.637443 0.188517 0.493801 -0.053743 0.847191
12.533400 192.171827 -230.398586 -92.609220 0.190324 0.490271 -0.049309 0.849105
12.566700 193.670096 -232.264210 -93.592620 0.187724 0.489061 -0.049056 0.850395
12.600100 195.174924 -234.136237 -94.591041 0.182938 0.488991 -0.052274 0.851287
13.533400 0.042811 4.280953 -1.696319 0.988149 0.026433 0.088120 0.122869
13.566700 0.014085 4.454257 -1.798506 0.987159 0.018550 0.086442 0.133042
13.600100 -0.016284 4.627327 -1.890367 0.986679 0.020356 0.082395 0.138787
13.633400 -0.048331 4.798494 -1.971897 0.986277 0.022438 0.081999 0.141531
13.666700 -0.082403 4.968386 -2.043979 0.984862 0.024875 0.084786 0.149131
13.700100 -0.118881 5.137121 -2.107179 0.984515 0.024770 0.082769 0.152531
13.733400 -0.157312 5.303443 -2.161469 0.984693 0.028031 0.076401 0.154131
13.766700 -0.198475 5.467821 -2.207456 0.984637 0.014011 0.077374 0.155910
13.800100 -0.242304 5.631521 -2.245767 0.983525 0.013762 0.079897 0.161571
13.833400 -0.288366 5.793065 -2.277238 0.982495 0.005827 0.081721 0.167304
13.866700 -0.336820 5.953487 -2.303071 0.979917 -0.004442 0.088010 0.178876
13.900100 -0.387386 6.113636 -2.324439 0.978792 -0.002896 0.093731 0.182131
13.933400 -0.439562 6.272960 -2.342283 0.976623 -0.006100 0.095970 0.192249
13.966700 -0.493492 6.431422 -2.357895 0.974977 -0.010025 0.095410 0.200539
14.000100 -0.549635 6.589324 -2.372411 0.974203 -0.016431 0.091545 0.205617
14.033400 -0.607786 6.746065 -2.387022 0.973899 -0.021505 0.090022 0.207254
14.066700 -0.668305 6.902209 -2.402590 0.971391 -0.021984 0.093239 0.217306
14.100100 -0.730947 7.057964 -2.420226 0.969340 -0.024642 0.089027 0.227700
14.133400 -0.795486 7.212155 -2.441385 0.968783 -0.021353 0.089101 0.230358
14.166700 -0.861381 7.364946 -2.466573 0.967687 -0.022185 0.088651 0.235012
14.200100 -0.928819 7.516551 -2.496914 0.965124 -0.018531 0.086051 0.246550
14.233400 -0.998044 7.666513 -2.533502 0.963897 -0.025615 0.086573 0.250504
14.266700 -1.069461 7.815092 -2.577520 0.962001 -0.035154 0.085064 0.257066
14.300100 -1.143320 7.963212 -2.629689 0.960950 -0.034016 0.085093 0.261108
14.333400 -1.218744 8.109784 -2.691068 0.961056 -0.032011 0.075553 0.263892
14.366700 -1.295776 8.255391 -2.761771 0.960256 -0.037300 0.071318 0.267267
14.400100 -1.374962 8.400294 -2.842515 0.955995 -0.043092 0.074034 0.280597
14.433400 -1.455818 8.543467 -2.933640 0.952533 -0.043911 0.067172 0.293669
14.466700 -1.537937 8.685442 -3.035676 0.950445 -0.043763 0.062273 0.301430
14.500100 -1.622088 8.826571 -3.148885 0.947913 -0.044974 0.058603 0.309846
14.533400 -1.708043 8.966023 -3.272967 0.946118 -0.038919 0.060735 0.315687
14.566700 -1.795907 9.104057 -3.408254 0.943888 -0.040831 0.058834 0.322407
14.600100 -1.885578 9.241296 -3.554852 0.941837 -0.051020 0.060122 0.326689
14.633400 -1.976475 9.376553 -3.711548 0.940547 -0.051071 0.052057 0.331741
14.666700 -2.068894 9.510354 -3.878013 0.939544 -0.056390 0.047654 0.334374
14.700100 -2.163341 9.643053 -4.054625 0.937726 -0.060084 0.044426 0.339245
14.733400 -2.259069 9.774023 -4.239988 0.938326 -0.056917 0.036381 0.339088
14.766800 -2.356423 9.903615 -4.434273 0.936943 -0.058542 0.035022 0.342761
14.800100 -2.455253 10.031099 -4.635199 0.936316 -0.058723 0.032993 0.344638
14.833400 -2.555990 10.156791 -4.842692 0.935133 -0.054347 0.026497 0.349101
14.866800 -2.659261 10.281514 -5.056496 0.933513 -0.053517 0.020548 0.353931
14.900100 -2.764618 10.404342 -5.274072 0.929859 -0.050575 0.019250 0.363915
14.933400 -2.871577 10.525042 -5.494908 0.928179 -0.048499 0.017841 0.368528
14.966800 -2.980207 10.644220 -5.718575 0.924747 -0.052416 0.017430 0.376553
15.000100 -3.090169 10.760993 -5.942881 0.925055 -0.052690 0.025091 0.375324
15.033400 -3.202115 10.875642 -6.167232 0.925907 -0.048415 0.025708 0.373752
15.066800 -3.316444 10.988787 -6.390958 0.925532 -0.049645 0.019147 0.374913
15.100100 -3.432531 11.099056 -6.611855 0.925459 -0.042600 0.021900 0.375809
15.133400 -3.550391 11.207273 -6.829927 0.920664 -0.042762 0.022944 0.387327
15.166800 -3.670473 11.314022 -7.044370 0.918358 -0.040231 0.022222 0.393073
15.200100 -3.791638 11.418072 -7.252774 0.916082 -0.044482 0.012523 0.398319
15.233400 -3.913977 11.519996 -7.454603 0.913811 -0.049208 0.010279 0.403017
15.266800 -4.038237 11.620445 -7.649788 0.911313 -0.056245 0.007788 0.407779
15.300100 -4.163604 11.718984 -7.836384 0.911265 -0.055003 -0.001110 0.408129
15.333400 -4.291155 11.815520 -8.013802 0.906455 -0.051822 -0.009791 0.418996
15.366800 -4.421303 11.910729 -8.181834 0.903580 -0.053892 -0.012014 0.424846
15.400100 -4.553209 12.003041 -8.339310 0.904321 -0.051805 -0.011458 0.423543
15.433400 -4.687522 12.092778 -8.486176 0.901619 -0.059325 -0.018489 0.428044
15.466800 -4.824676 12.180532 -8.623241 0.900891 -0.058800 -0.025070 0.429313
15.500100 -4.963664 12.266076 -8.748944 0.900085 -0.054742 -0.021731 0.431715
15.533400 -5.104929 12.349945 -8.863971 0.897224 -0.049464 -0.022580 0.438215
15.566800 -5.248477 12.432238 -8.968774 0.894163 -0.051366 -0.027318 0.443946
15.600100 -5.393487 12.511962 -9.062769 0.889467 -0.052726 -0.026356 0.453181
15.633400 -5.540099 12.590328 -9.146105 0.883725 -0.052363 -0.030338 0.464077
15.666800 -5.688814 12.667669 -9.219375 0.878404 -0.049039 -0.030421 0.474422
15.700100 -5.838521 12.742723 -9.282963 0.876250 -0.042985 -0.030664 0.478954
15.733400 -5.990083 12.815318 -9.337599 0.871842 -0.037163 -0.035666 0.487071
15.766800 -6.144027 12.886124 -9.384345 0.870865 -0.031831 -0.044729 0.488447
15.800100 -6.298879 12.954438 -9.424489 0.869171 -0.031100 -0.049920 0.491002
15.833400 -6.455185 13.020038 -9.458516 0.866174 -0.029699 -0.054483 0.495874
15.866800 -6.613416 13.083578 -9.487266 0.864737 -0.025837 -0.056616 0.498355
15.900100 -6.772022 13.144707 -9.511587 0.862181 -0.028713 -0.057505 0.502506
15.933400 -6.931938 13.203600 -9.532339 0.859372 -0.025552 -0.060849 0.507075
15.966800 -7.093929 13.259963 -9.551270 0.856102 -0.024975 -0.066508 0.511900
16.000100 -7.257455 13.313921 -9.568300 0.851490 -0.025437 -0.072211 0.518753
16.033400 -7.422350 13.365719 -9.585073 0.850644 -0.022303 -0.078239 0.519409
16.066800 -7.589126 13.415487 -9.603079 0.846306 -0.015926 -0.077503 0.526789
16.100100 -7.756824 13.462836 -9.623921 0.841794 -0.013761 -0.085415 0.532821
16.133400 -7.925816 13.507951 -9.648200 0.832462 -0.014399 -0.089234 0.546660
16.166800 -8.096843 13.550830 -9.676679 0.831239 -0.004131 -0.090072 0.548554
16.200100 -8.268740 13.591450 -9.710817 0.825811 0.002666 -0.094110 0.556033
16.233400 -8.442279 13.629782 -9.751846 0.822572 0.000716 -0.098527 0.560060
16.266800 -8.617541 13.665715 -9.800561 0.815023 0.000180 -0.105770 0.569694
16.300100 -8.793797 13.699180 -9.857377 0.812939 0.007356 -0.113550 0.571123
16.333400 -8.970909 13.730186 -9.923422 0.811385 0.015123 -0.117460 0.572389
16.366800 -9.149491 13.759203 -9.999327 0.807051 0.018191 -0.131438 0.575380
16.400100 -9.327935 13.786135 -10.084933 0.801712 0.017778 -0.129439 0.583256
16.433400 -9.507070 13.811169 -10.181539 0.795982 0.018219 -0.126301 0.591717
16.466800 -9.687515 13.834160 -10.289523 0.796996 0.028588 -0.122365 0.590767
16.500100 -9.868222 13.855052 -10.408538 0.795982 0.038073 -0.126641 0.590699
16.533400 -10.049330 13.874219 -10.538950 0.788943 0.042074 -0.132385 0.598559
16.566800 -10.231218 13.892031 -10.680695 0.782168 0.042645 -0.138587 0.605961
16.600100 -10.413250 13.907759 -10.832842 0.778528 0.046163 -0.140637 0.609905
16.633400 -10.596289 13.921408 -10.995964 0.772762 0.049634 -0.151698 0.614299
16.666800 -10.780214 13.933255 -11.170294 0.765945 0.051905 -0.150934 0.622779
16.700100 -10.964211 13.943210 -11.353827 0.763267 0.051998 -0.144365 0.627597
16.733400 -11.148919 13.951160 -11.546246 0.767017 0.050996 -0.138327 0.624459
16.766800 -11.335146 13.956724 -11.747389 0.762940 0.054645 -0.134493 0.629959
16.800100 -11.521463 13.960017 -11.955397 0.763279 0.055046 -0.139442 0.628436
16.833400 -11.708856 13.960701 -12.170036 0.755763 0.055202 -0.138356 0.637678
16.866800 -11.898107 13.958763 -12.391041 0.751356 0.053491 -0.136348 0.643437
16.900100 -12.088247 13.954484 -12.615857 0.742845 0.053543 -0.137039 0.653096
16.933400 -12.280005 13.947613 -12.844270 0.736921 0.057897 -0.133144 0.660203
16.966800 -12.473473 13.937805 -13.076081 0.733527 0.061169 -0.129768 0.664346
17.000100 -12.667334 13.925149 -13.308691 0.729068 0.066660 -0.124019 0.669803
17.033400 -12.862076 13.910013 -13.541206 0.724229 0.067040 -0.121936 0.675374
17.066700 -13.057542 13.891685 -13.772943 0.713686 0.069094 -0.121706 0.686342
17.100100 -13.254246 13.870376 -14.003779 0.706811 0.072615 -0.118025 0.693697
17.133400 -13.450971 13.846190 -14.230112 0.702293 0.075478 -0.115378 0.698409
17.166700 -13.648684 13.818943 -14.452337 0.699964 0.075341 -0.109601 0.701685
17.200100 -13.848375 13.788325 -14.669781 0.689094 0.081302 -0.112704 0.711222
17.233400 -14.048477 13.754347 -14.879731 0.686187 0.087450 -0.101366 0.715000
17.266700 -14.249196 13.717052 -15.082275 0.684547 0.089484 -0.096652 0.716970
17.300100 -14.450627 13.676386 -15.277461 0.680784 0.090524 -0.091816 0.721046
17.333400 -14.651552 13.632772 -15.462992 0.684747 0.093887 -0.087668 0.717372
17.366700 -14.852497 13.585989 -15.639043 0.684616 0.093643 -0.086723 0.717643
17.400100 -15.054343 13.535862 -15.805724 0.678443 0.091682 -0.082814 0.724190
17.433400 -15.256392 13.483394 -15.961856 0.672778 0.090770 -0.077984 0.730102
17.466700 -15.458616 13.428183 -16.107164 0.668726 0.088197 -0.070535 0.734882
17.500100 -15.661488 13.370584 -16.241339 0.663152 0.084818 -0.066012 0.740728
17.533400 -15.863630 13.311185 -16.364129 0.658408 0.090009 -0.065474 0.744386
17.566700 -16.065692 13.249823 -16.476111 0.653079 0.090141 -0.058965 0.749590
17.600100 -16.268755 13.186215 -16.578226 0.646737 0.092952 -0.061398 0.754534
17.633400 -16.470967 13.119919 -16.669379 0.643629 0.095782 -0.054248 0.757380
17.666700 -16.672575 13.051120 -16.750214 0.637331 0.101987 -0.047347 0.762343
17.700100 -16.874536 12.979504 -16.821647 0.636055 0.095749 -0.042002 0.764527
17.733400 -17.075785 12.905584 -16.883842 0.631437 0.100676 -0.040810 0.767780
17.766700 -17.276513 12.829518 -16.938010 0.626537 0.098652 -0.038352 0.772171
17.800100 -17.477435 12.751013 -16.984908 0.621028 0.105708 -0.036732 0.775758
17.833400 -17.676970 12.670362 -17.025249 0.613294 0.107352 -0.035384 0.781725
17.866700 -17.875934 12.587576 -17.059946 0.600165 0.108688 -0.042936 0.791293
17.900100 -18.075025 12.502179 -17.090018 0.593751 0.114885 -0.045516 0.795103
17.933400 -18.272637 12.414300 -17.116612 0.588899 0.118579 -0.051824 0.797779
17.966700 -18.469400 12.324055 -17.141373 0.584653 0.115375 -0.051108 0.801410
18.000100 -18.666324 12.230503 -17.165492 0.576083 0.120504 -0.052555 0.806750
18.033400 -18.861611 12.134226 -17.189565 0.572259 0.117160 -0.048553 0.810207
18.066700 -19.056073 12.035117 -17.215456 0.567507 0.117000 -0.045644 0.813735
18.100100 -19.250399 11.933336 -17.244354 0.561194 0.118372 -0.045709 0.817900
18.133400 -19.443420 11.829394 -17.276561 0.555233 0.111706 -0.043524 0.823009
18.166700 -19.636171 11.723142 -17.313038 0.551994 0.111166 -0.040197 0.825427
18.200100 -19.828755 11.614769 -17.355191 0.549402 0.112261 -0.032765 0.827334
18.233400 -20.019844 11.505124 -17.403048 0.544323 0.114806 -0.028132 0.830506
18.266700 -20.210208 11.393851 -17.458327 0.540464 0.109912 -0.026070 0.833749
18.300100 -20.400806 11.280127 -17.522104 0.540016 0.108309 -0.016805 0.834488
18.333400 -20.590136 11.164402 -17.594798 0.530533 0.098319 -0.014143 0.841824
18.366700 -20.778800 11.046750 -17.677234 0.520953 0.094816 -0.010347 0.848240
18.400100 -20.967459 10.926784 -17.770080 0.518591 0.089487 -0.012683 0.850232
18.433400 -21.154490 10.805859 -17.873102 0.515280 0.088515 -0.009758 0.852383
18.466700 -21.340959 10.683497 -17.987043 0.516754 0.090374 -0.006297 0.851327
18.500100 -21.527491 10.559103 -18.111842 0.510039 0.085589 -0.006217 0.855860
18.533400 -21.713286 10.433505 -18.247311 0.500100 0.078834 -0.010404 0.862309
18.566700 -21.899290 10.305881 -18.393944 0.496195 0.076133 -0.007124 0.864837
18.600100 -22.085127 10.176399 -18.551913 0.489754 0.072157 0.001303 0.868869
18.633400 -22.269737 10.045403 -18.719813 0.485861 0.073622 0.002707 0.870926
18.666700 -22.453041 9.912762 -18.897819 0.481011 0.074920 0.006738 0.873481
18.700100 -22.636019 9.777760 -19.086297 0.482968 0.069195 0.007805 0.872865
18.733400 -22.817760 9.641642 -19.283009 0.476478 0.069409 0.006965 0.876414
18.766700 -22.998927 9.503845 -19.487813 0.469090 0.070345 0.010121 0.880286
18.800100 -23.179654 9.364089 -19.700888 0.465531 0.066196 0.013017 0.882456
18.833400 -23.359233 9.223306 -19.920173 0.457295 0.062601 0.014894 0.886984
18.866700 -23.538055 9.080457 -20.144924 0.457644 0.059130 0.013455 0.887065
18.900100 -23.715883 8.935175 -20.374596 0.451098 0.048911 0.008601 0.891092
18.933400 -23.891932 8.788331 -20.606610 0.442997 0.045540 0.007117 0.895337
18.966700 -24.067234 8.639615 -20.841026 0.442520 0.047045 0.013306 0.895425
19.000100 -24.242409 8.488565 -21.077691 0.435327 0.036477 0.014113 0.899423
19.033400 -24.416073 8.335262 -21.314112 0.428587 0.023344 0.020676 0.902962
19.066700 -24.588935 8.179424 -21.549745 0.424974 0.019437 0.020626 0.904762
19.100100 -24.761405 8.021000 -21.784022 0.423131 0.018116 0.020267 0.905661
19.133400 -24.931972 7.860428 -22.014162 0.416720 0.018596 0.019930 0.908626
19.166700 -25.101260 7.697718 -22.239907 0.414264 0.012113 0.024909 0.909735
19.200100 -25.270098 7.532252 -22.461217 0.403795 0.011957 0.029649 0.914291
19.233400 -25.437458 7.364960 -22.676125 0.402299 0.007690 0.029715 0.914994
19.266700 -25.603240 7.194968 -22.884396 0.395099 0.004657 0.030738 0.918112
19.300000 -25.767422 7.021807 -23.084950 0.386296 0.007923 0.029232 0.921877
19.333400 -25.930302 6.845240 -23.277720 0.382229 0.006398 0.031935 0.923494
19.366700 -26.091034 6.666574 -23.460921 0.379304 0.001617 0.033739 0.924655
19.400000 -26.250026 6.485448 -23.634052 0.364831 0.003742 0.036607 0.930346
19.433400 -26.407368 6.301106 -23.797396 0.357458 0.001928 0.038915 0.933116
19.466700 -26.561660 6.114720 -23.950268 0.350986 0.000077 0.037001 0.935649
19.500000 -26.712810 5.925678 -24.092308 0.345660 -0.002055 0.036854 0.937634
19.533400 -26.861779 5.733826 -24.223471 0.337534 -0.003105 0.045767 0.940195
19.566700 -27.007493 5.540241 -24.343378 0.331704 -0.009602 0.047484 0.942139
19.600000 -27.150952 5.344364 -24.452490 0.323474 -0.010450 0.041248 0.945280
19.633400 -27.291850 5.145842 -24.551471 0.318986 -0.013793 0.038119 0.946892
19.666700 -27.429634 4.946088 -24.640277 0.311983 -0.014158 0.039563 0.949158
19.700000 -27.564525 4.743925 -24.719909 0.302197 -0.023008 0.039238 0.952160
19.733400 -27.696988 4.539168 -24.791080 0.301142 -0.030162 0.052659 0.951646
19.766700 -27.826286 4.333869 -24.854687 0.291902 -0.031499 0.054544 0.954372
19.800000 -27.953006 4.127334 -24.911201 0.289197 -0.030669 0.054845 0.955205
19.833400 -28.077341 3.918789 -24.961736 0.290823 -0.044953 0.053433 0.954225
19.866700 -28.198797 3.709747 -25.007205 0.292336 -0.052172 0.047728 0.953698
19.900000 -28.317823 3.499421 -25.048389 0.284021 -0.055642 0.047538 0.956021
19.933400 -28.435521 3.287475 -25.086706 0.276329 -0.047477 0.044487 0.958858
19.966700 -28.550634 3.074992 -25.123128 0.273846 -0.051872 0.042896 0.959415
