0.433333 -0.075228 2.108789 0.679366 0.997072 0.045257 0.042093 0.045030
0.466667 -0.085406 2.328852 0.698133 0.996948 0.045766 0.041674 0.047582
0.500000 -0.093460 2.546295 0.713897 0.996342 0.050669 0.047724 0.049573
0.533333 -0.079194 2.749587 0.748400 0.994804 0.056173 0.061567 0.058471
0.566667 -0.095583 2.959132 0.737584 0.994464 0.056899 0.063318 0.061594
0.600000 -0.114126 3.168245 0.716094 0.993597 0.057782 0.069176 0.068123
0.633333 -0.129282 3.363760 0.708657 0.992093 0.059420 0.076768 0.079543
0.666667 -0.139616 3.519464 0.751541 0.990575 0.071403 0.081008 0.084267
0.700000 -0.160008 3.687649 0.746745 0.989436 0.074558 0.084013 0.091645
0.733334 -0.170741 3.846542 0.717632 0.988277 0.075046 0.088942 0.098820
0.766667 -0.193087 3.955845 0.668355 0.987199 0.077139 0.093351 0.103794
0.800000 -0.236635 4.123210 0.606812 0.986738 0.075701 0.093825 0.108695
0.833334 -0.256678 4.307362 0.534914 0.986446 0.076079 0.095290 0.109801
0.866667 -0.254029 4.476135 0.514283 0.984559 0.082434 0.107089 0.111264
0.900000 -0.254944 4.661026 0.444804 0.983777 0.081175 0.113299 0.112945
0.933334 -0.248558 4.860187 0.351949 0.982626 0.079991 0.123222 0.113423
0.966667 -0.260093 5.050067 0.245752 0.982147 0.074783 0.129176 0.114488
1.000000 -0.285456 5.220285 0.158697 0.981217 0.072158 0.131137 0.121695
1.033330 -0.310427 5.387849 0.071375 0.980743 0.071652 0.131910 0.124937
1.066670 -0.355521 5.585591 -0.024964 0.980833 0.064041 0.132287 0.127928
1.100000 -0.383317 5.748706 -0.109113 0.979526 0.062144 0.136403 0.134390
1.133330 -0.459742 5.906674 -0.189729 0.979456 0.055058 0.130408 0.143625
1.166670 -0.563681 6.109876 -0.285752 0.980243 0.048938 0.116100 0.152478
1.200000 -0.646595 6.322919 -0.438433 0.979844 0.037389 0.109936 0.162551
1.233330 -0.686713 6.479581 -0.505487 0.978928 0.037867 0.110277 0.167646
1.266670 -0.726842 6.633210 -0.565214 0.977896 0.038170 0.110081 0.173624
1.300000 -0.767498 6.783563 -0.616944 0.976569 0.037510 0.111584 0.180152
1.333330 -0.808527 6.930579 -0.659992 0.975454 0.034569 0.110974 0.187028
1.366670 -0.849963 7.074237 -0.693656 0.974365 0.032697 0.111273 0.192774
1.400000 -0.897100 7.214356 -0.718711 0.973213 0.031966 0.112807 0.197762
1.433330 -0.939330 7.351263 -0.732108 0.971993 0.029751 0.112328 0.204273
1.466670 -0.981867 7.484484 -0.734743 0.970864 0.028789 0.113052 0.209316
1.500000 -1.024623 7.613940 -0.726517 0.969667 0.027888 0.110708 0.216131
1.533330 -1.067458 7.739454 -0.707423 0.968811 0.025243 0.110084 0.220567
1.566670 -1.110338 7.861243 -0.677419 0.967749 0.024017 0.107835 0.226399
1.600000 -1.153404 7.979069 -0.636663 0.966831 0.020573 0.107493 0.230783
1.633330 -1.197798 8.092822 -0.585393 0.965772 0.017896 0.107273 0.235491
1.666670 -1.285053 8.230848 -0.566647 0.964700 0.009710 0.103896 0.241795
1.700000 -1.332024 8.341654 -0.495754 0.964339 0.010342 0.103763 0.243263
1.733330 -1.379435 8.449148 -0.416102 0.963419 0.009747 0.101433 0.247872
1.766670 -1.427404 8.553166 -0.328429 0.961778 0.006556 0.100986 0.254445
1.800000 -1.475807 8.653735 -0.233478 0.959936 0.005394 0.098760 0.262185
1.833330 -1.526159 8.750634 -0.132227 0.957877 0.002461 0.098516 0.269739
1.866670 -1.575229 8.844568 -0.025604 0.957098 0.000949 0.095873 0.273443
1.900000 -1.624673 8.935171 0.085390 0.956030 -0.001044 0.093686 0.277900
1.933330 -1.674593 9.022500 0.199914 0.954762 0.000061 0.092273 0.282693
1.966670 -1.725065 9.106628 0.316929 0.953498 0.000008 0.090372 0.287533
2.000000 -1.776222 9.187595 0.435233 0.952292 -0.001481 0.088088 0.292195
2.033330 -1.827643 9.265639 0.553658 0.951156 -0.002655 0.084818 0.296820
2.066670 -1.879540 9.340782 0.671014 0.949068 -0.004237 0.082404 0.304075
2.100000 -1.932000 9.412999 0.786253 0.948091 -0.002528 0.079396 0.307917
2.133330 -1.985058 9.482318 0.898211 0.947224 -0.003248 0.078285 0.310850
2.166670 -2.096175 9.560420 0.989907 0.947991 -0.005561 0.078916 0.308310
2.200000 -2.243659 9.697214 1.091362 0.945630 -0.015859 0.076891 0.315627
2.233330 -2.427122 9.925187 1.198775 0.943279 -0.023264 0.073639 0.322895
2.266670 -2.616492 10.206950 1.278480 0.941274 -0.027724 0.069263 0.329298
2.300000 -2.754028 10.402062 1.346319 0.939623 -0.030170 0.065101 0.334605
2.333330 -2.831863 10.490617 1.427977 0.937666 -0.029752 0.061591 0.340739
2.366670 -2.912643 10.587070 1.498082 0.935913 -0.030069 0.057625 0.346183
2.400000 -3.009814 10.805871 1.513264 0.936498 -0.032914 0.053890 0.344941
2.433330 -3.091982 10.894632 1.564726 0.934513 -0.032477 0.051173 0.350730
2.466670 -3.174485 10.981384 1.605994 0.933617 -0.033061 0.050558 0.353143
2.500000 -3.266708 11.108074 1.621496 0.931579 -0.032063 0.045542 0.359248
2.533330 -3.361765 11.233350 1.626670 0.929900 -0.032547 0.044485 0.363659
2.566670 -3.425589 11.466784 1.599009 0.929839 -0.032497 0.043936 0.363887
2.600000 -3.511931 11.552402 1.596204 0.928254 -0.031467 0.041015 0.368336
2.633330 -3.599024 11.635928 1.583158 0.926814 -0.031573 0.036835 0.372374
2.666670 -3.622728 11.872382 1.528874 0.926693 -0.030858 0.035079 0.372904
2.700000 -3.710124 11.956115 1.495512 0.925384 -0.031161 0.030262 0.376535
2.733330 -3.798363 12.037653 1.453659 0.923585 -0.032517 0.027260 0.381037
2.766670 -3.784209 12.404446 1.325825 0.923603 -0.033032 0.028317 0.380873
2.800000 -3.901553 12.584060 1.231967 0.921192 -0.030963 0.024176 0.387121
2.833330 -3.963152 12.894999 1.100888 0.920205 -0.033506 0.020540 0.389460
2.866670 -4.127609 13.066305 0.990585 0.917835 -0.035491 0.013343 0.395148
2.900000 -4.201219 13.355266 0.830326 0.915234 -0.035574 0.008150 0.401266
2.933330 -4.296234 13.453731 0.743158 0.913375 -0.034776 0.005606 0.405592
2.966670 -4.370740 13.572499 0.649535 0.911857 -0.034337 0.002107 0.409063
3.000000 -4.466288 13.667641 0.559167 0.910298 -0.032916 -0.001572 0.412639
3.033330 -4.528507 13.801529 0.457845 0.908626 -0.035446 -0.003262 0.416091
3.066670 -4.634419 13.942679 0.330645 0.905941 -0.035539 -0.006898 0.421853
3.100000 -4.739269 14.085110 0.220829 0.903974 -0.033592 -0.008397 0.426184
3.133330 -4.837680 14.185296 0.132981 0.902678 -0.032792 -0.011681 0.428906
3.166670 -4.937383 14.275474 0.051575 0.900680 -0.031410 -0.012463 0.433168
3.200000 -5.059482 14.393595 -0.037509 0.898992 -0.028571 -0.013802 0.436814
3.233330 -5.168398 14.497065 -0.112652 0.896272 -0.029225 -0.015267 0.442277
3.266660 -5.270521 14.583882 -0.175646 0.893544 -0.027767 -0.017825 0.447761
3.300000 -5.373014 14.669583 -0.230812 0.890105 -0.026667 -0.020575 0.454509
3.333330 -5.478161 14.761104 -0.279240 0.888088 -0.024791 -0.024230 0.458365
3.366660 -5.595972 14.864689 -0.326632 0.885904 -0.021371 -0.027842 0.462539
3.400000 -5.709428 14.959920 -0.359787 0.882904 -0.019024 -0.032772 0.468021
3.433330 -5.829608 15.064151 -0.384449 0.881193 -0.014722 -0.036954 0.471080
3.466660 -5.935902 15.142272 -0.391208 0.877691 -0.012387 -0.040959 0.477312
3.500000 -6.047900 15.231489 -0.391398 0.875004 -0.008806 -0.042356 0.482179
3.533330 -6.158735 15.312055 -0.379524 0.872167 -0.005568 -0.044061 0.487188
3.566660 -6.296643 15.417663 -0.376551 0.869902 -0.002129 -0.048322 0.490847
3.600000 -6.412015 15.500235 -0.346678 0.866449 -0.001926 -0.053601 0.496377
3.633330 -6.522102 15.570321 -0.301693 0.863429 -0.000747 -0.056470 0.501299
3.666660 -6.640012 15.648906 -0.251633 0.861290 -0.000118 -0.059597 0.504607
3.700000 -6.751676 15.731599 -0.191216 0.858717 0.002710 -0.061192 0.508776
3.733330 -6.863670 15.796184 -0.118222 0.854386 0.004602 -0.062113 0.515893
3.766660 -6.988409 15.865523 -0.043723 0.852033 0.009692 -0.064747 0.519378
3.800000 -7.110613 15.936300 0.037613 0.850356 0.010163 -0.067087 0.521814
3.833330 -7.245102 16.010590 0.118918 0.847304 0.013963 -0.068178 0.526528
3.866660 -7.360145 16.067936 0.217997 0.844593 0.016374 -0.069352 0.530646
3.900000 -7.475485 16.123068 0.321687 0.841460 0.019499 -0.068816 0.535564
3.933330 -7.590797 16.176484 0.428780 0.839555 0.021328 -0.071263 0.538158
3.966660 -7.706478 16.227442 0.538288 0.837226 0.025369 -0.072313 0.541461
4.000000 -7.822546 16.276156 0.649007 0.834729 0.028163 -0.073095 0.545060
4.033330 -7.939124 16.322613 0.759724 0.832175 0.031828 -0.074661 0.548542
4.066660 -8.055964 16.367142 0.869262 0.829160 0.036960 -0.076381 0.552534
4.100000 -8.173217 16.409471 0.976535 0.826686 0.039730 -0.075980 0.556093
4.133330 -8.290737 16.449638 1.080412 0.824401 0.044611 -0.077913 0.558840
4.166660 -8.408816 16.487585 1.179843 0.821049 0.045556 -0.080176 0.563360
4.200000 -8.527472 16.523381 1.273845 0.815716 0.049340 -0.080830 0.570648
4.233330 -8.646432 16.556934 1.361293 0.812419 0.052682 -0.079252 0.575256
4.266660 -8.765726 16.588272 1.441399 0.810047 0.054026 -0.076829 0.578795
4.300000 -8.885729 16.617483 1.513242 0.806995 0.053154 -0.074883 0.583376
4.333330 -9.006205 16.644738 1.576153 0.803992 0.056299 -0.074922 0.587209
4.366660 -9.127139 16.669994 1.629563 0.801974 0.059566 -0.072314 0.589966
4.400000 -9.248181 16.693904 1.672936 0.799422 0.061587 -0.069729 0.593523
4.433330 -9.370231 16.714916 1.706040 0.796016 0.064696 -0.068539 0.597892
4.466660 -9.492697 16.734071 1.728551 0.791831 0.067563 -0.068489 0.603115
4.500000 -9.615571 16.751242 1.740175 0.788568 0.070125 -0.067916 0.607149
4.533330 -9.738715 16.766427 1.740870 0.785508 0.073805 -0.068469 0.610607
4.566660 -9.862257 16.779542 1.730651 0.782694 0.076053 -0.067952 0.613993
4.600000 -9.986219 16.790679 1.709673 0.779151 0.078296 -0.070009 0.617974
4.633330 -10.110182 16.800405 1.678232 0.776986 0.081502 -0.069667 0.620320
4.666660 -10.234840 16.807388 1.636734 0.773015 0.081725 -0.067478 0.625472
4.700000 -10.359922 16.812290 1.585779 0.769118 0.085094 -0.066981 0.629864
4.733330 -10.485288 16.814850 1.526145 0.766096 0.087101 -0.063849 0.633588
4.766660 -10.610832 16.815279 1.458292 0.761366 0.087687 -0.063709 0.639197
4.800000 -10.699543 16.967341 1.362813 0.759664 0.089298 -0.063877 0.640980
4.833330 -10.836526 17.102197 1.209900 0.754042 0.091823 -0.058037 0.647781
4.866660 -10.985891 17.141644 1.086952 0.749610 0.093524 -0.056284 0.652817
4.900000 -11.159967 17.188502 0.949205 0.745381 0.093057 -0.054472 0.657861
4.933330 -11.465999 17.288415 0.779351 0.740601 0.092982 -0.052277 0.663424
4.966660 -11.736007 17.430803 0.629292 0.736643 0.089393 -0.050755 0.668424
5.000000 -12.047029 17.545837 0.476219 0.729893 0.087635 -0.049651 0.676100
5.033330 -12.260755 17.573056 0.358208 0.725831 0.089344 -0.047094 0.680418
5.066660 -12.403706 17.571541 0.252144 0.722206 0.090545 -0.044836 0.684259
5.100000 -12.546539 17.567902 0.148281 0.718266 0.091410 -0.042627 0.688419
5.133330 -12.805219 17.706250 0.047279 0.713326 0.090400 -0.045501 0.693486
5.166660 -12.951797 17.701584 -0.048579 0.708208 0.089755 -0.042945 0.698957
5.200000 -13.098012 17.695212 -0.139030 0.705206 0.089576 -0.040273 0.702167
5.233330 -13.243881 17.687128 -0.223086 0.700720 0.092443 -0.035225 0.706545
5.266660 -13.389991 17.676104 -0.299977 0.696320 0.092947 -0.031391 0.710995
5.300000 -13.535159 17.664173 -0.368548 0.692448 0.093499 -0.029271 0.714785
5.333330 -13.679962 17.649121 -0.428202 0.689962 0.093219 -0.026876 0.717315
5.366660 -13.980294 17.724029 -0.490231 0.686346 0.092563 -0.026855 0.720861
5.400000 -14.129134 17.708588 -0.530555 0.682599 0.091569 -0.025776 0.724575
5.433330 -14.277772 17.690216 -0.560419 0.677659 0.089946 -0.021725 0.729532
5.466660 -14.574804 17.704311 -0.578734 0.672509 0.089287 -0.021511 0.734368
5.500000 -14.726975 17.682395 -0.586540 0.667916 0.089256 -0.018848 0.738625
5.533330 -14.878842 17.657047 -0.583370 0.661944 0.087068 -0.015371 0.744321
5.566660 -15.030027 17.630614 -0.569444 0.657690 0.084930 -0.012946 0.748374
5.600000 -15.180950 17.602211 -0.544669 0.651489 0.083867 -0.010771 0.753931
5.633330 -15.331413 17.571590 -0.509534 0.647185 0.082294 -0.005890 0.757856
5.666660 -15.696121 17.666705 -0.460551 0.642498 0.078560 -0.009999 0.762184
5.700000 -15.917180 17.663359 -0.405205 0.637695 0.078199 -0.008484 0.766262
5.733330 -16.087191 17.627111 -0.342508 0.632548 0.077642 -0.002741 0.770615
5.766660 -16.374216 17.627140 -0.269171 0.627744 0.074793 -0.001573 0.774817
5.800000 -16.540605 17.586472 -0.189080 0.624322 0.071093 0.000992 0.777925
5.833330 -16.706110 17.546468 -0.103071 0.620075 0.069123 0.003668 0.781483
5.866660 -16.923451 17.498447 -0.013689 0.615286 0.067187 0.006172 0.785412
5.900000 -17.125962 17.454535 0.083504 0.610241 0.065723 0.008657 0.789438
5.933330 -17.294060 17.413534 0.182501 0.607221 0.065310 0.010690 0.791772
5.966660 -17.462066 17.366076 0.283683 0.602977 0.062176 0.012321 0.795236
6.000000 -17.658712 17.297831 0.369809 0.599169 0.060417 0.015174 0.798196
6.033330 -17.826938 17.243735 0.471108 0.596524 0.059406 0.016941 0.800214
6.066660 -17.995291 17.189489 0.571108 0.592336 0.057582 0.019598 0.803392
6.100000 -18.163406 17.131447 0.668717 0.588028 0.055643 0.019937 0.806678
6.133330 -18.331620 17.072298 0.762821 0.584380 0.050918 0.020442 0.809623
6.166660 -18.499724 17.010090 0.852436 0.580547 0.047134 0.022865 0.812540
6.200000 -18.667541 16.945847 0.936451 0.575507 0.046494 0.021757 0.816184
6.233330 -18.835168 16.879617 1.013762 0.570551 0.042756 0.023532 0.819811
6.266660 -19.002521 16.811186 1.083707 0.565924 0.035740 0.025865 0.823277
6.300000 -19.169840 16.740917 1.145620 0.563240 0.033570 0.027602 0.825150
6.333330 -19.337073 16.668754 1.198701 0.560123 0.032496 0.029958 0.827230
6.366660 -19.504076 16.594672 1.242231 0.554951 0.028737 0.030987 0.830809
6.400000 -19.669723 16.515185 1.275714 0.551015 0.024641 0.034254 0.833428
6.433330 -19.836346 16.437420 1.298704 0.546684 0.021387 0.034039 0.836373
6.466660 -20.002899 16.357743 1.310846 0.545640 0.016997 0.037163 0.837023
6.500000 -20.168307 16.273407 1.311985 0.540423 0.014176 0.039396 0.840351
6.533330 -20.334450 16.190107 1.302190 0.534878 0.012078 0.040839 0.843855
6.566660 -20.500388 16.105062 1.281391 0.530847 0.008548 0.041782 0.846394
6.600000 -20.666325 16.018019 1.249894 0.528431 0.007814 0.041139 0.847943
6.633330 -20.832192 15.929120 1.207777 0.524154 0.004066 0.042684 0.850543
6.666660 -20.997937 15.838345 1.155509 0.518776 -0.000642 0.042521 0.853852
6.700000 -21.163530 15.745565 1.093578 0.513750 -0.005786 0.041928 0.856895
6.733330 -21.328672 15.650532 1.022792 0.506851 -0.009836 0.042754 0.860917
6.766660 -21.493631 15.553631 0.943916 0.501638 -0.014311 0.045259 0.863774
6.799990 -21.658312 15.454763 0.857716 0.495918 -0.018049 0.045431 0.866992
6.833330 -21.822831 15.353727 0.764909 0.489258 -0.022818 0.046851 0.870581
6.866660 -21.987048 15.250865 0.666516 0.481972 -0.027274 0.048553 0.874415
6.899990 -22.150871 15.146128 0.563599 0.476579 -0.029689 0.048254 0.877304
6.933330 -22.314476 15.039602 0.457234 0.470771 -0.032939 0.049622 0.880243
6.966660 -22.477164 14.929961 0.348463 0.466102 -0.037756 0.050139 0.882502
6.999990 -22.640170 14.819575 0.238519 0.461611 -0.040163 0.048925 0.884821
7.033330 -22.802758 14.707121 0.128421 0.456812 -0.043155 0.046565 0.887295
7.066660 -22.964912 14.592694 0.019412 0.452151 -0.047046 0.048041 0.889403
7.099990 -23.126803 14.476012 -0.087421 0.447051 -0.051162 0.048466 0.891728
7.133330 -23.288384 14.356947 -0.191206 0.440883 -0.053279 0.048724 0.894656
7.166660 -23.449718 14.235692 -0.290780 0.434250 -0.052986 0.049874 0.897848
7.199990 -23.610635 14.112234 -0.384934 0.428571 -0.057375 0.049977 0.900298
7.233330 -23.771306 13.986609 -0.472824 0.422298 -0.062781 0.050904 0.902846
7.266660 -23.931632 13.859312 -0.553600 0.418823 -0.065904 0.051522 0.904206
7.299990 -24.091516 13.730329 -0.626505 0.414143 -0.067323 0.050569 0.906309
7.333330 -24.251128 13.599609 -0.690712 0.408991 -0.071178 0.051173 0.908318
7.366660 -24.410313 13.467113 -0.745604 0.402245 -0.072240 0.050501 0.911279
7.399990 -24.568907 13.332678 -0.790863 0.397975 -0.076628 0.050121 0.912815
7.433330 -24.724557 13.192501 -0.825844 0.391589 -0.079797 0.050153 0.915301
7.466660 -24.881892 13.054316 -0.850134 0.388352 -0.079700 0.047359 0.916836
7.499990 -25.038613 12.914118 -0.863458 0.382041 -0.079932 0.046724 0.919496
7.533330 -25.194797 12.772138 -0.865801 0.377418 -0.081627 0.044959 0.921342
7.566660 -25.350454 12.628564 -0.857421 0.373080 -0.085848 0.044261 0.922758
7.599990 -25.505407 12.483300 -0.838511 0.366537 -0.087122 0.041519 0.925385
7.633330 -25.659457 12.335766 -0.809382 0.361753 -0.088962 0.038247 0.927231
7.666660 -25.720365 12.069057 -0.766249 0.353981 -0.090030 0.033802 0.930295
7.699990 -25.834584 11.883401 -0.711304 0.350022 -0.090889 0.031398 0.931793
7.733330 -25.905882 11.689222 -0.630085 0.343957 -0.090357 0.028200 0.934202
7.766660 -25.988924 11.511902 -0.550091 0.335826 -0.090418 0.026057 0.937212
7.799990 -26.056231 11.294044 -0.478073 0.330141 -0.089519 0.024952 0.939346
7.833330 -26.158899 11.119186 -0.394014 0.324736 -0.091015 0.023318 0.941126
7.866660 -26.265392 10.948594 -0.303659 0.318370 -0.091961 0.021979 0.943239
7.899990 -26.376483 10.782939 -0.208456 0.313939 -0.093425 0.022904 0.944558
7.933330 -26.509197 10.610621 -0.115166 0.306923 -0.092958 0.019309 0.946987
7.966660 -26.641376 10.437180 -0.019752 0.299696 -0.094334 0.017665 0.949195
7.999990 -26.772281 10.261679 0.076795 0.292038 -0.095328 0.015324 0.951521
8.033330 -26.761708 9.985616 0.168480 0.288005 -0.091972 0.012276 0.953123
8.066660 -26.834234 9.789998 0.272126 0.282162 -0.093589 0.009270 0.954746
8.099990 -26.923635 9.608371 0.373047 0.278205 -0.093749 0.007395 0.955907
8.133330 -26.842950 9.455875 0.492029 0.272790 -0.092169 0.008072 0.957614
8.166660 -26.848485 9.341910 0.588544 0.265386 -0.091194 0.007607 0.959790
8.200000 -26.957500 9.158577 0.668947 0.259203 -0.090716 0.004873 0.961541
8.233330 -27.066800 8.975014 0.742619 0.256626 -0.092229 0.002164 0.962098
8.266660 -27.098270 8.786415 0.819868 0.254839 -0.091647 -0.000364 0.962631
8.300000 -27.202797 8.600740 0.878333 0.250348 -0.089978 -0.003775 0.963958
8.333330 -27.306429 8.413169 0.927654 0.245755 -0.086854 -0.006353 0.965412
8.366660 -27.410002 8.225844 0.967566 0.240441 -0.084408 -0.009035 0.966945
8.400000 -27.511921 8.035861 0.997104 0.235373 -0.082800 -0.010106 0.968319
8.433330 -27.612160 7.844040 1.015896 0.228778 -0.080004 -0.009886 0.970135
8.466670 -27.711438 7.650968 1.023873 0.224995 -0.078373 -0.012694 0.971120
8.500000 -27.809734 7.456898 1.020856 0.220152 -0.077799 -0.015110 0.972241
8.533330 -27.906839 7.261625 1.006793 0.216803 -0.075877 -0.016765 0.973118
8.566670 -28.002741 7.065007 0.981723 0.210983 -0.073952 -0.019896 0.974485
8.600000 -28.027886 6.894126 0.965441 0.206673 -0.073781 -0.023617 0.975338
8.633340 -28.100111 6.717513 0.922369 0.201638 -0.071949 -0.027064 0.976439
8.666670 -28.187720 6.521705 0.866724 0.196479 -0.071247 -0.027640 0.977525
8.700000 -28.233677 6.359187 0.810042 0.189766 -0.072457 -0.028925 0.978725
8.733340 -28.301309 6.179322 0.737432 0.184352 -0.071461 -0.030334 0.979790
8.766670 -28.309096 6.041194 0.674072 0.181117 -0.069556 -0.031504 0.980493
8.800000 -28.364568 5.876660 0.590074 0.175601 -0.066420 -0.031957 0.981698
8.833340 -28.366631 5.723805 0.513122 0.170166 -0.064911 -0.031218 0.982779
8.866670 -28.440251 5.526698 0.412869 0.163825 -0.061763 -0.031921 0.984036
8.900010 -28.509629 5.327209 0.308105 0.157867 -0.061740 -0.030831 0.985046
8.933340 -28.550923 5.125958 0.203718 0.154165 -0.057575 -0.032287 0.985838
8.966670 -28.616681 4.925082 0.093210 0.148320 -0.054619 -0.032852 0.986883
9.000010 -28.683886 4.724532 -0.018490 0.143946 -0.053998 -0.032891 0.987564
9.033340 -28.700192 4.510556 -0.126772 0.136828 -0.048694 -0.033551 0.988828
9.066670 -28.737961 4.328776 -0.227931 0.129657 -0.045046 -0.035217 0.989909
9.100010 -28.756209 4.155639 -0.330390 0.124287 -0.042954 -0.034177 0.990727
9.133340 -28.802899 3.972417 -0.432990 0.120667 -0.039352 -0.035983 0.991260
9.166680 -28.827297 3.786553 -0.531092 0.115461 -0.032133 -0.037601 0.992080
9.200010 -28.880168 3.586196 -0.625549 0.109434 -0.028557 -0.040290 0.992767
9.233340 -28.930450 3.384759 -0.713777 0.105317 -0.025393 -0.039255 0.993339
9.266680 -28.980386 3.183082 -0.794958 0.099202 -0.020776 -0.041419 0.993988
9.300010 -29.025190 2.980202 -0.867900 0.091735 -0.017541 -0.042210 0.994734
9.333340 -29.068903 2.776894 -0.931930 0.083433 -0.014580 -0.041075 0.995560
9.366680 -29.103803 2.571853 -0.986118 0.078717 -0.012073 -0.042749 0.995907
9.400010 -29.147126 2.368003 -1.031155 0.073439 -0.008853 -0.043800 0.996298
9.433350 -29.188604 2.163609 -1.065908 0.068747 -0.006650 -0.043123 0.996679
9.466680 -29.204091 1.957515 -1.085221 0.065980 -0.002312 -0.043283 0.996879
9.500010 -29.217233 1.759018 -1.087279 0.060537 0.003442 -0.044488 0.997168
9.533350 -29.251953 1.553965 -1.088811 0.055154 0.009213 -0.043297 0.997496
9.566680 -29.285252 1.348827 -1.079508 0.048880 0.012977 -0.043530 0.997771
9.600010 -29.316803 1.143436 -1.059435 0.044696 0.015968 -0.042005 0.997989
9.633350 -29.346909 0.937837 -1.029263 0.038494 0.021242 -0.043208 0.998098
9.666680 -29.363691 0.739167 -0.981432 0.029924 0.024852 -0.043085 0.998314
9.700020 -29.390318 0.533631 -0.931512 0.025655 0.028629 -0.043569 0.998311
9.733350 -29.415322 0.328014 -0.872639 0.021283 0.032717 -0.045869 0.998185
9.766680 -29.438757 0.122047 -0.805689 0.016189 0.038439 -0.045401 0.998098
9.800020 -29.460860 -0.084106 -0.731432 0.009401 0.040745 -0.043762 0.998167
9.833350 -29.481069 -0.290236 -0.650819 0.003581 0.044672 -0.043849 0.998032
9.866680 -29.499568 -0.496494 -0.564785 -0.000061 0.046170 -0.042061 0.998048
9.900020 -29.516382 -0.702900 -0.474364 -0.002170 0.048438 -0.041988 0.997941
9.933350 -29.530445 -0.909670 -0.380438 -0.007606 0.051544 -0.040629 0.997815
9.966690 -29.544080 -1.116292 -0.284423 -0.012925 0.053793 -0.040802 0.997634
10.000000 -29.556111 -1.322856 -0.187490 -0.018044 0.057340 -0.039374 0.997415
10.033400 -29.566730 -1.529909 -0.090330 -0.024863 0.058188 -0.037423 0.997294
10.066700 -29.575689 -1.736426 0.005238 -0.029649 0.064459 -0.035166 0.996860
10.100000 -29.583066 -1.943239 0.098396 -0.035256 0.070798 -0.032381 0.996341
10.133400 -29.547093 -2.153891 0.207697 -0.038295 0.071014 -0.031485 0.996243
10.166700 -29.481623 -2.277065 0.339282 -0.044832 0.074218 -0.028312 0.995831
10.200000 -29.479545 -2.481006 0.421640 -0.050812 0.075074 -0.027112 0.995513
10.233400 -29.444629 -2.636987 0.514127 -0.056879 0.077266 -0.027195 0.995015
10.266700 -29.434195 -2.838664 0.583451 -0.063580 0.077919 -0.025521 0.994603
10.300000 -29.426216 -3.039914 0.644586 -0.066419 0.080728 -0.024144 0.994228
10.333400 -29.416569 -3.241577 0.697014 -0.072467 0.081830 -0.019986 0.993807
10.366700 -29.405417 -3.442469 0.739834 -0.077168 0.083380 -0.017871 0.993365
10.400000 -29.391878 -3.643138 0.772710 -0.082749 0.084334 -0.014156 0.992895
10.433400 -29.377632 -3.844310 0.795071 -0.089433 0.085685 -0.010654 0.992243
10.466700 -29.361787 -4.044688 0.806543 -0.093945 0.087991 -0.008482 0.991645
10.500000 -29.344339 -4.244844 0.807078 -0.098247 0.089743 -0.007915 0.991076
10.533400 -29.316760 -4.445568 0.796538 -0.105318 0.091434 -0.007404 0.990199
10.566700 -29.295981 -4.645330 0.775065 -0.110430 0.092818 -0.004507 0.989530
10.600000 -29.273609 -4.844706 0.742905 -0.115935 0.094580 -0.003540 0.988737
10.633400 -29.115756 -5.036097 0.723749 -0.120863 0.096941 -0.003307 0.987919
10.666700 -28.990910 -5.064247 0.725482 -0.124465 0.095391 0.003263 0.987623
10.700000 -28.927556 -5.230942 0.674185 -0.131676 0.094900 0.003839 0.986732
10.733400 -28.832279 -5.419556 0.616121 -0.138152 0.094796 0.007294 0.985837
10.766700 -28.790057 -5.609146 0.539891 -0.143268 0.095948 0.007547 0.984993
10.800000 -28.746302 -5.798327 0.456519 -0.147263 0.094824 0.011579 0.984473
10.833400 -28.674537 -5.968273 0.370827 -0.151347 0.095004 0.014081 0.983804
10.866700 -28.625312 -6.153549 0.278297 -0.156168 0.096039 0.016066 0.982919
10.900000 -28.565957 -6.330598 0.183453 -0.161347 0.096628 0.019335 0.981966
10.933400 -28.513738 -6.516021 0.080442 -0.166174 0.095024 0.018939 0.981325
10.966700 -28.454452 -6.700940 -0.023035 -0.174320 0.094789 0.020428 0.979903
11.000000 -28.394673 -6.883509 -0.129652 -0.180972 0.093333 0.021946 0.978804
11.033400 -28.334081 -7.067568 -0.235565 -0.186823 0.093674 0.023849 0.977626
11.066700 -28.275925 -7.249498 -0.340717 -0.190426 0.094360 0.024968 0.976837
11.100000 -28.216095 -7.430661 -0.443579 -0.196376 0.092932 0.026492 0.975755
11.133400 -28.154493 -7.611659 -0.543452 -0.201384 0.091743 0.029986 0.974745
11.166700 -28.091651 -7.791385 -0.638634 -0.204443 0.090300 0.033994 0.974112
11.200000 -28.030572 -8.002688 -0.728474 -0.209389 0.088788 0.035664 0.973140
11.233400 -27.965013 -8.189962 -0.810618 -0.215590 0.088155 0.039143 0.971709
11.266700 -27.894844 -8.382827 -0.887247 -0.221336 0.087259 0.041831 0.970385
11.300000 -27.826959 -8.561403 -0.955032 -0.224235 0.087490 0.042688 0.969661
11.333400 -27.756972 -8.738964 -1.014179 -0.227636 0.087218 0.043679 0.968848
11.366700 -27.685433 -8.914706 -1.063687 -0.234760 0.087597 0.044596 0.967071
11.400000 -27.612193 -9.089335 -1.103335 -0.240720 0.086857 0.045025 0.965651
11.433400 -27.537079 -9.263293 -1.132743 -0.245183 0.086325 0.046586 0.964501
11.466700 -27.460475 -9.435600 -1.151321 -0.250787 0.085198 0.050781 0.962948
11.500000 -27.382337 -9.606643 -1.159013 -0.255756 0.082404 0.055554 0.961620
11.533400 -27.302177 -9.776686 -1.155846 -0.259984 0.083217 0.057788 0.960283
11.566700 -27.220631 -9.944714 -1.141827 -0.265526 0.082886 0.057958 0.958784
11.600000 -27.137323 -10.111275 -1.117206 -0.268012 0.081241 0.059148 0.958160
11.633400 -27.052056 -10.276857 -1.082248 -0.273585 0.080396 0.058667 0.956685
11.666700 -26.964334 -10.440216 -1.037296 -0.278659 0.076710 0.059690 0.955459
11.700000 -26.875792 -10.602396 -0.983295 -0.285505 0.075833 0.058910 0.953554
11.733400 -26.785219 -10.763583 -0.920458 -0.291708 0.072919 0.060385 0.951810
11.766700 -26.692132 -10.922471 -0.849191 -0.294558 0.071342 0.061914 0.950954
11.800000 -26.598007 -11.080085 -0.771167 -0.297727 0.069196 0.063110 0.950046
11.833400 -26.501722 -11.236622 -0.686676 -0.304198 0.068813 0.063158 0.948019
11.866700 -26.402287 -11.390521 -0.596563 -0.310864 0.064294 0.064478 0.946083
11.900000 -26.302398 -11.543513 -0.502454 -0.316305 0.060446 0.065379 0.944470
11.933400 -26.200066 -11.695455 -0.404542 -0.321988 0.057714 0.062735 0.942898
11.966700 -26.096685 -11.845779 -0.304808 -0.326555 0.055114 0.063219 0.941450
12.000000 -25.991540 -11.994612 -0.203945 -0.332374 0.054445 0.064006 0.939397
12.033400 -25.884258 -12.142267 -0.102987 -0.337504 0.053630 0.062771 0.937696
12.066700 -25.775579 -12.288032 -0.003681 -0.343880 0.051016 0.063072 0.935503
12.100000 -25.665081 -12.432273 0.093153 -0.347426 0.049180 0.062988 0.934296
12.133400 -25.552463 -12.575380 0.186586 -0.352935 0.046754 0.063322 0.932331
12.166700 -25.438674 -12.716491 0.275296 -0.356798 0.043847 0.063023 0.931021
12.200000 -25.312296 -12.849097 0.360369 -0.363477 0.037403 0.061283 0.928833
12.233400 -25.194996 -12.987448 0.437431 -0.366801 0.034244 0.061581 0.927627
12.266700 -25.119246 -13.156657 0.528255 -0.370988 0.029669 0.056285 0.926455
12.300100 -25.017822 -13.313761 0.595574 -0.374400 0.027009 0.055687 0.925200
12.333400 -24.898478 -13.449272 0.649159 -0.379350 0.024105 0.052779 0.923432
12.366700 -24.779737 -13.584622 0.693173 -0.383806 0.023745 0.052088 0.921637
12.400100 -24.659266 -13.718871 0.727265 -0.388917 0.020397 0.051831 0.919588
12.433400 -24.555302 -13.868163 0.754229 -0.394958 0.018781 0.047559 0.917275
12.466700 -24.434097 -14.003781 0.767398 -0.401179 0.014535 0.048576 0.914595
12.500100 -24.311002 -14.135827 0.769580 -0.407692 0.007968 0.049874 0.911721
12.533400 -24.186402 -14.264510 0.760488 -0.412696 0.003643 0.050090 0.909483
12.566700 -24.061287 -14.392069 0.740379 -0.418975 0.000926 0.048765 0.906687
12.600100 -23.934592 -14.518295 0.709262 -0.422497 -0.003607 0.047035 0.905136
12.633400 -23.807173 -14.642451 0.667712 -0.425587 -0.006565 0.044511 0.903798
12.666700 -23.678571 -14.764773 0.616102 -0.430715 -0.011201 0.042350 0.901424
12.700100 -23.548570 -14.885896 0.554764 -0.434723 -0.014741 0.040595 0.899528
12.733400 -23.417886 -15.004997 0.484526 -0.440125 -0.019927 0.039549 0.896844
12.766700 -23.286120 -15.122467 0.405992 -0.445917 -0.022236 0.038232 0.893981
12.800100 -23.152604 -15.238378 0.319797 -0.451783 -0.024944 0.039326 0.890912
12.833400 -23.018317 -15.351944 0.227302 -0.455995 -0.031086 0.036736 0.888680
12.866700 -22.882549 -15.463389 0.129174 -0.461768 -0.034041 0.033864 0.885700
12.900100 -22.745583 -15.573434 0.025943 -0.466506 -0.035000 0.031757 0.883255
12.933400 -22.608036 -15.681173 -0.080454 -0.472138 -0.036766 0.030132 0.880242
12.966700 -22.469308 -15.786913 -0.189249 -0.476009 -0.039964 0.028456 0.878071
13.000100 -22.329008 -15.890845 -0.299753 -0.480048 -0.042143 0.027539 0.875797
13.033400 -22.187874 -15.992248 -0.409861 -0.483168 -0.042837 0.026417 0.874080
13.066700 -22.045392 -16.091341 -0.518708 -0.488067 -0.046239 0.025832 0.871198
13.100100 -21.901146 -16.188492 -0.625641 -0.492696 -0.047253 0.023398 0.868603
13.133400 -21.751452 -16.278085 -0.728848 -0.497754 -0.048120 0.021923 0.865705
13.166700 -21.605164 -16.369974 -0.827856 0.502090 0.049587 -0.019369 -0.863175
13.200100 -21.457213 -16.459567 -0.921878 0.507245 0.048504 -0.016029 -0.860286
13.233400 -21.308545 -16.546371 -1.009215 0.511521 0.051076 -0.012897 -0.857654
13.266700 -21.158780 -16.630477 -1.089323 0.516864 0.052119 -0.011948 -0.854396
13.300100 -21.007389 -16.712220 -1.161658 0.521174 0.052971 -0.010326 -0.851742
13.333400 -20.855114 -16.790922 -1.225159 0.525133 0.052034 -0.009149 -0.849378
13.366700 -20.701538 -16.866761 -1.279324 0.527617 0.054514 -0.004966 -0.847717
13.400100 -20.546167 -16.939760 -1.323725 0.532561 0.057158 -0.005399 -0.844442
13.433400 -20.390146 -17.009465 -1.357633 0.535635 0.057299 -0.003798 -0.842495
13.466700 -20.232952 -17.075869 -1.380984 0.539125 0.058991 -0.002808 -0.840153
13.500100 -20.073988 -17.139177 -1.393735 0.544666 0.060910 -0.001392 -0.836437
13.533400 -19.914338 -17.198803 -1.395843 0.548515 0.061241 0.002504 -0.833891
13.566700 -19.753415 -17.254836 -1.387186 0.553652 0.062979 0.005587 -0.830344
13.600100 -19.590969 -17.307788 -1.367910 0.559615 0.061149 0.006518 -0.826468
13.633400 -19.428044 -17.357292 -1.338363 0.564186 0.058533 0.009541 -0.823515
13.666700 -19.264010 -17.403489 -1.298878 0.569545 0.059426 0.011881 -0.819723
13.700100 -19.098375 -17.446388 -1.250055 0.575074 0.058615 0.013895 -0.815881
13.733400 -18.932135 -17.485782 -1.192669 0.579252 0.058261 0.016230 -0.812902
13.766700 -18.764780 -17.521896 -1.127491 0.583238 0.058205 0.018687 -0.809998
13.800100 -18.597165 -17.556943 -1.054924 0.589247 0.057044 0.020341 -0.805680
13.833400 -18.427638 -17.586401 -0.976327 0.595419 0.057690 0.021906 -0.801042
13.866700 -18.257178 -17.612501 -0.892418 0.599734 0.056926 0.026208 -0.797741
13.900100 -18.061229 -17.591257 -0.766260 0.603861 0.061423 0.029270 -0.794180
13.933400 -17.908660 -17.654847 -0.656610 0.607231 0.061851 0.030074 -0.791543
13.966700 -17.750449 -17.714562 -0.552691 0.611900 0.060618 0.030742 -0.788009
14.000100 -17.579361 -17.737742 -0.455271 0.615883 0.060906 0.033930 -0.784747
14.033400 -17.406433 -17.754211 -0.358798 0.620542 0.058294 0.036513 -0.781151
14.066700 -17.233070 -17.767941 -0.263732 0.623531 0.055941 0.038734 -0.778832
14.100100 -17.059629 -17.781460 -0.170734 0.627702 0.056574 0.039257 -0.775402
14.133400 -16.885360 -17.790030 -0.081725 0.630599 0.054585 0.039644 -0.773171
14.166700 -16.710865 -17.796409 0.002689 0.634083 0.051764 0.040187 -0.770483
14.200100 -16.535316 -17.799922 0.081580 0.638424 0.052852 0.041804 -0.766729
14.233400 -16.359915 -17.801175 0.153683 0.642797 0.052617 0.044051 -0.762957
14.266700 -16.184179 -17.800203 0.218408 0.647719 0.052603 0.045516 -0.758697
14.300100 -16.007543 -17.796798 0.274943 0.650821 0.050682 0.044141 -0.756250
14.333400 -15.830534 -17.788048 0.322309 0.653427 0.047200 0.044774 -0.754189
14.366700 -15.653881 -17.779867 0.359880 0.658616 0.044720 0.044860 -0.749809
14.400100 -15.476634 -17.769337 0.387218 0.661345 0.041256 0.047663 -0.747428
14.433400 -15.299681 -17.756609 0.403792 0.666898 0.038031 0.049314 -0.742542
14.466700 -15.122542 -17.741636 0.409613 0.670066 0.034015 0.051194 -0.739753
14.500100 -14.943996 -17.720073 0.404871 0.675134 0.032537 0.053546 -0.735029
14.533400 -14.766480 -17.700734 0.388639 0.679154 0.030987 0.052275 -0.731476
14.566700 -14.588823 -17.679124 0.361255 0.684197 0.028966 0.055074 -0.726637
14.600100 -14.410572 -17.655337 0.322955 0.687889 0.028416 0.054989 -0.723172
14.633400 -14.232657 -17.629376 0.274169 0.690626 0.025127 0.054431 -0.720723
14.666700 -14.054473 -17.601211 0.215301 0.693644 0.022493 0.055207 -0.717847
14.700100 -13.875540 -17.571318 0.147200 0.697813 0.019715 0.057583 -0.713689
14.733400 -13.697002 -17.539612 0.069773 0.702640 0.015847 0.055419 -0.709207
14.766800 -13.517882 -17.658860 0.012778 0.706441 0.015276 0.060369 -0.705027
14.800100 -13.341800 -17.733521 -0.062107 0.709638 0.014295 0.061906 -0.701696
14.833400 -13.162861 -17.702708 -0.160337 0.714483 0.011068 0.061400 -0.696866
14.866800 -12.984540 -17.761189 -0.249457 0.717603 0.009768 0.062383 -0.693584
14.900100 -12.810960 -17.838556 -0.339875 0.721151 0.006563 0.058978 -0.690231
14.933400 -12.693559 -17.892650 -0.436019 0.726940 0.008379 0.057154 -0.684267
14.966800 -12.516172 -17.860966 -0.548749 0.731612 0.006032 0.056969 -0.679310
15.000100 -12.339341 -17.826757 -0.662433 0.734033 0.003914 0.056689 -0.676732
15.033400 -12.161449 -17.839304 -0.768899 0.737207 0.004369 0.059108 -0.673062
15.066800 -11.978741 -17.896846 -0.867955 0.739769 0.001731 0.058120 -0.670344
15.100100 -11.796966 -17.907548 -0.972880 0.743913 -0.002403 0.058272 -0.665727
15.133400 -11.620027 -17.869865 -1.078996 0.748030 -0.006219 0.056374 -0.661237
15.166800 -11.400934 -17.877327 -1.177628 0.750569 -0.011355 0.055326 -0.658373
15.200100 -11.209106 -17.836520 -1.274835 0.753932 -0.013740 0.054517 -0.654542
15.233400 -11.018837 -17.824533 -1.363536 0.756923 -0.017213 0.053863 -0.651053
15.266800 -10.838923 -17.779785 -1.446564 0.760434 -0.021607 0.050759 -0.647067
15.300100 -10.645637 -17.753971 -1.520006 0.763188 -0.023787 0.049604 -0.643830
15.333400 -10.460257 -17.701974 -1.586625 0.766733 -0.028538 0.046314 -0.639657
15.366800 -10.272159 -17.647036 -1.643919 0.770626 -0.031341 0.043776 -0.635009
15.400100 -10.078677 -17.602752 -1.688865 0.773171 -0.033748 0.040585 -0.631997
15.433400 -9.897947 -17.544162 -1.724913 0.776856 -0.034458 0.038830 -0.627535
15.466800 -9.717005 -17.482803 -1.750472 0.780379 -0.036178 0.036737 -0.623178
15.500100 -9.536649 -17.420400 -1.765236 0.782458 -0.038676 0.033733 -0.620585
15.533400 -9.356748 -17.353758 -1.769214 0.784751 -0.041140 0.032812 -0.617573
15.566800 -9.176617 -17.283437 -1.762102 0.789071 -0.044309 0.030920 -0.611921
15.600100 -8.989022 -17.239857 -1.741191 0.792517 -0.047018 0.028733 -0.607355
15.633400 -8.809502 -17.165717 -1.713166 0.796220 -0.050454 0.024436 -0.602404
15.666800 -8.629680 -17.088442 -1.675165 0.798946 -0.054478 0.022709 -0.598500
15.700100 -8.450803 -17.008678 -1.627931 0.802070 -0.057916 0.020000 -0.594079
15.733400 -8.273031 -16.923526 -1.571981 0.805597 -0.057112 0.018020 -0.589430
15.766800 -8.088714 -16.841233 -1.505367 0.807877 -0.059282 0.018315 -0.586076
15.800100 -7.909900 -16.754363 -1.434141 0.810764 -0.062424 0.016207 -0.581809
15.833400 -7.729082 -16.666987 -1.356222 0.812246 -0.064830 0.012870 -0.579559
15.866800 -7.550793 -16.573375 -1.272972 0.816626 -0.065347 0.008948 -0.573386
15.900100 -7.373517 -16.477324 -1.185612 0.821145 -0.068443 0.009728 -0.566518
15.933400 -7.196894 -16.378302 -1.094990 0.824224 -0.069698 0.006912 -0.561915
15.966800 -7.013189 -16.287494 -0.998291 0.826260 -0.071319 0.005649 -0.558728
16.000100 -6.836357 -16.184735 -0.904408 0.828949 -0.073979 0.002663 -0.554404
16.033400 -6.659720 -16.079799 -0.810643 0.832404 -0.075302 0.000211 -0.549029
16.066800 -6.482889 -15.971886 -0.717684 0.834485 -0.075980 -0.003362 -0.545757
16.100100 -6.307022 -15.861670 -0.627318 0.838154 -0.076678 -0.007825 -0.539961
16.133400 -6.120631 -15.770017 -0.532469 0.840032 -0.075727 -0.009326 -0.537145
16.166800 -5.943845 -15.657384 -0.449592 0.841787 -0.077209 -0.011805 -0.534129
16.200100 -5.767491 -15.544260 -0.372397 0.844166 -0.079220 -0.012449 -0.530050
16.233400 -5.592331 -15.427149 -0.301628 0.846017 -0.081790 -0.016538 -0.526585
16.266800 -5.417469 -15.315785 -0.234689 0.849009 -0.082366 -0.019696 -0.521547
16.300100 -5.243914 -15.193261 -0.179083 0.852970 -0.081173 -0.023002 -0.515097
16.333400 -5.070784 -15.069282 -0.132216 0.854722 -0.083652 -0.026057 -0.511639
16.366800 -4.898074 -14.941986 -0.094723 0.857573 -0.082551 -0.031257 -0.506732
16.400100 -4.726554 -14.835043 -0.061902 0.860137 -0.080614 -0.036034 -0.502362
16.433400 -4.555520 -14.706090 -0.044972 0.862906 -0.084241 -0.039468 -0.496727
16.466800 -4.384753 -14.574154 -0.038819 0.865800 -0.083245 -0.041229 -0.491692
16.500100 -4.215249 -14.440649 -0.043604 0.868504 -0.084204 -0.044244 -0.486470
16.533400 -4.046597 -14.305247 -0.059380 0.871138 -0.084199 -0.045670 -0.481605
16.566800 -3.878297 -14.167574 -0.086257 0.874879 -0.087365 -0.047320 -0.474042
16.600100 -3.711295 -14.028428 -0.123803 0.878266 -0.086456 -0.050929 -0.467526
16.633400 -3.545024 -13.887370 -0.171801 0.881052 -0.085163 -0.053706 -0.462179
16.666800 -3.379105 -13.743871 -0.230032 0.882948 -0.085343 -0.056413 -0.458188
16.700100 -3.214575 -13.598869 -0.297603 0.885188 -0.083937 -0.058929 -0.453788
16.733400 -3.050869 -13.451886 -0.374209 0.888231 -0.083779 -0.061273 -0.447519
16.766800 -2.887431 -13.302536 -0.459304 0.890998 -0.081660 -0.065007 -0.441846
16.800100 -2.722986 -13.180193 -0.531764 0.892735 -0.079459 -0.063895 -0.438895
16.833400 -2.559450 -13.032461 -0.629973 0.894515 -0.077839 -0.066156 -0.435209
16.866800 -2.398024 -12.878660 -0.734079 0.897274 -0.074508 -0.068180 -0.429768
16.900100 -2.238302 -12.722471 -0.842132 0.899070 -0.073481 -0.070998 -0.425715
16.933400 -2.079311 -12.564197 -0.953704 0.900403 -0.072213 -0.073527 -0.422673
16.966800 -1.920295 -12.403354 -1.068020 0.902210 -0.071167 -0.073703 -0.418951
17.000100 -1.805193 -12.323051 -1.167017 0.904198 -0.068074 -0.073991 -0.415111
17.033400 -1.663475 -12.168471 -1.280205 0.905947 -0.066506 -0.076628 -0.411054
17.066700 -1.522053 -12.009444 -1.392459 0.908184 -0.062674 -0.079640 -0.406118
17.100100 -1.365573 -11.845991 -1.504012 0.910381 -0.060398 -0.083013 -0.400834
17.133400 -1.212425 -11.678166 -1.611832 0.911833 -0.059487 -0.084896 -0.397259
17.166700 -1.060982 -11.506956 -1.714776 0.913338 -0.057863 -0.086721 -0.393630
17.200100 -0.998813 -11.396107 -1.797798 0.915854 -0.054731 -0.087297 -0.388066
17.233400 -0.852585 -11.223065 -1.889397 0.918260 -0.051069 -0.088880 -0.382480
17.266700 -0.706201 -11.048911 -1.973140 0.920863 -0.049532 -0.088365 -0.376497
17.300100 -0.560399 -10.872007 -2.049044 0.923425 -0.048489 -0.088039 -0.370383
17.333400 -0.415901 -10.693528 -2.115893 0.925918 -0.045056 -0.089360 -0.364226
17.366700 -0.271894 -10.513428 -2.173109 0.928330 -0.042656 -0.088668 -0.358499
17.400100 -0.128234 -10.330712 -2.220552 0.929716 -0.041188 -0.091016 -0.354469
17.433400 0.014360 -10.146804 -2.257464 0.931554 -0.040651 -0.090619 -0.349774
17.466700 0.155977 -9.960896 -2.283761 0.933654 -0.040664 -0.092112 -0.343732
17.500100 0.289424 -9.778167 -2.302115 0.935191 -0.039192 -0.092895 -0.339488
17.533400 0.250911 -9.716127 -2.282055 0.936505 -0.031877 -0.093801 -0.336369
17.566700 0.354446 -9.552034 -2.271886 0.938259 -0.030141 -0.092066 -0.332092
17.600100 0.478886 -9.370333 -2.253448 0.940454 -0.029160 -0.091747 -0.326004
17.633400 0.600032 -9.182051 -2.225190 0.942680 -0.027333 -0.091703 -0.319685
17.666700 0.720867 -8.994429 -2.187125 0.944698 -0.023353 -0.090133 -0.314446
17.700100 0.845658 -8.803754 -2.140148 0.946875 -0.022410 -0.087798 -0.308572
17.733400 0.879453 -8.631366 -2.078207 0.948734 -0.019721 -0.089297 -0.302559
17.766700 1.000486 -8.436205 -2.013861 0.950759 -0.016454 -0.087130 -0.296976
17.800100 1.118992 -8.237006 -1.942006 0.952744 -0.013787 -0.086704 -0.290813
17.833400 1.232552 -8.033893 -1.863930 0.953712 -0.010386 -0.084835 -0.288322
17.866700 1.349260 -7.832594 -1.780349 0.955076 -0.008876 -0.083664 -0.284168
17.900100 1.384991 -7.642367 -1.685029 0.956437 -0.004059 -0.083904 -0.279591
17.933400 1.405472 -7.450253 -1.585472 0.958367 0.000581 -0.081810 -0.273567
17.966700 1.513249 -7.245625 -1.491688 0.959904 0.004182 -0.080483 -0.268494
18.000100 1.620064 -7.038893 -1.396714 0.961927 0.006262 -0.077296 -0.262072
18.033400 1.656555 -6.842682 -1.292358 0.963482 0.008594 -0.074609 -0.257024
18.066700 1.758706 -6.634745 -1.198531 0.965533 0.010429 -0.070956 -0.250206
18.100100 1.810458 -6.463800 -1.092854 0.966944 0.013690 -0.070053 -0.244794
18.133400 1.885343 -6.270986 -0.999564 0.968339 0.016142 -0.067731 -0.239730
18.166700 1.980352 -6.060598 -0.915128 0.969347 0.017629 -0.066507 -0.235866
18.200100 2.045637 -5.874916 -0.828358 0.970048 0.022036 -0.064488 -0.233156
18.233400 2.085392 -5.712000 -0.742689 0.971906 0.022853 -0.061663 -0.225997
18.266700 2.164993 -5.507112 -0.675466 0.973243 0.024594 -0.057252 -0.221169
18.300100 2.250599 -5.294692 -0.617516 0.974163 0.027192 -0.053623 -0.217697
18.333400 2.303179 -5.112173 -0.560778 0.975120 0.030548 -0.051247 -0.213500
18.366700 2.385381 -4.899927 -0.521141 0.976474 0.031357 -0.050559 -0.207265
18.400100 2.465605 -4.685628 -0.491334 0.977492 0.032012 -0.048604 -0.202784
18.433400 2.545265 -4.471557 -0.471976 0.978610 0.034749 -0.046039 -0.197475
18.466700 2.623357 -4.256563 -0.463347 0.979707 0.034372 -0.043506 -0.192612
18.500100 2.698435 -4.039109 -0.465443 0.980755 0.035561 -0.038923 -0.187991
18.533400 2.773757 -3.822008 -0.478511 0.981934 0.035129 -0.034446 -0.182715
18.566700 2.847776 -3.603913 -0.502468 0.983019 0.034115 -0.032257 -0.177394
18.600100 2.919636 -3.383848 -0.537124 0.984055 0.035425 -0.029899 -0.171718
18.633400 2.990682 -3.163981 -0.582102 0.985196 0.035415 -0.025898 -0.165723
18.666700 3.060240 -2.943318 -0.637051 0.985799 0.033945 -0.022174 -0.162961
18.700100 3.128525 -2.721189 -0.701738 0.986684 0.035603 -0.020473 -0.157381
18.733400 3.195163 -2.499014 -0.775243 0.987636 0.036182 -0.015575 -0.151732
18.766700 3.260078 -2.275978 -0.856964 0.988673 0.034100 -0.011313 -0.145724
18.800100 3.323549 -2.051381 -0.946346 0.989354 0.031393 -0.007764 -0.141893
18.833400 3.385425 -1.826498 -1.041825 0.990107 0.031629 -0.004269 -0.136637
18.866700 3.445909 -1.600687 -1.142756 0.990995 0.031302 -0.000912 -0.130186
18.900100 3.505168 -1.373261 -1.248412 0.991541 0.033169 0.003384 -0.125440
18.933400 3.562739 -1.145549 -1.357165 0.992055 0.034566 0.008383 -0.120672
18.966700 3.618782 -0.916820 -1.468159 0.992467 0.033792 0.012020 -0.117142
19.000100 3.673422 -0.686462 -1.580685 0.993213 0.034938 0.014787 -0.109952
19.033400 3.726514 -0.455813 -1.692875 0.993739 0.036707 0.018601 -0.103868
19.066700 3.778247 -0.224339 -1.803936 0.994232 0.036142 0.023376 -0.098237
19.100100 3.828626 0.008640 -1.913102 0.994722 0.035450 0.026842 -0.092473
19.133400 3.877543 0.241827 -2.018488 0.995085 0.034554 0.031717 -0.087211
19.166700 3.924950 0.475912 -2.119445 0.995432 0.030079 0.036069 -0.083118
19.200100 3.971097 0.711899 -2.215188 0.995608 0.028303 0.040957 -0.079283
19.233400 4.015801 0.948461 -2.304252 0.995957 0.028991 0.043492 -0.073064
19.266700 4.059347 1.185997 -2.386041 0.996226 0.027038 0.046631 -0.068030
19.300000 4.098412 1.425756 -2.459731 0.996564 0.027646 0.049599 -0.060297
19.333400 4.139247 1.666513 -2.524765 0.996881 0.025802 0.050626 -0.054770
19.366700 4.178815 1.907845 -2.580182 0.996980 0.025449 0.054138 -0.049516
19.400000 4.217025 2.150383 -2.625588 0.997043 0.024392 0.058301 -0.043712
19.433400 4.254064 2.394748 -2.660720 0.997067 0.022987 0.062300 -0.038039
19.466700 4.289553 2.639795 -2.685127 0.997082 0.022919 0.064747 -0.033316
19.500000 4.323881 2.886154 -2.698671 0.997047 0.020899 0.067956 -0.029035
19.533400 4.356909 3.134601 -2.701313 0.997034 0.021155 0.070114 -0.023671
19.566700 4.389074 3.383293 -2.693007 0.996831 0.019132 0.074658 -0.019705
19.600000 4.417257 3.633878 -2.674056 0.996870 0.015580 0.075972 -0.015367
19.633400 4.446988 3.885515 -2.644706 0.996894 0.013287 0.076960 -0.010139
19.666700 4.475320 4.137448 -2.605424 0.996806 0.011403 0.078847 -0.005592
19.700000 4.499960 4.390948 -2.556649 0.996507 0.011129 0.082762 0.000228
19.733400 4.525612 4.645787 -2.498745 0.996360 0.008069 0.084715 0.005043
19.766700 4.549914 4.900803 -2.432731 0.995985 0.006086 0.088856 0.009061
19.800000 4.572287 5.156728 -2.359281 0.995898 0.003273 0.089427 0.013401
19.833400 4.594135 5.414132 -2.279218 0.995697 0.000896 0.091016 0.017425
19.866700 4.614543 5.671666 -2.193878 0.995455 0.001129 0.092540 0.022440
19.900000 4.634437 5.929784 -2.103782 0.995112 0.001263 0.095442 0.025319
19.933400 4.652079 6.189460 -2.010028 0.994603 -0.002203 0.099103 0.030650
19.966700 4.514495 6.469584 -1.901433 0.994434 -0.001642 0.098384 0.037680
